%NumGrains 1050
%BeamCenter 6.509644
%BeamThickness 200.000000
%GlobalPosition 0.000000
%NumPhases 1
%PhaseInfo
%	SpaceGroup:225
%	Lattice Parameter: 3.618000 3.618000 3.618000 90.000000 90.000000 90.000000
%GrainID	O11	O12	O13	O21	O22	O23	O31	O32	O33	X	Y	Z	a	b	c	alpha	beta	gamma	DiffPos	DiffOme	DiffAngle	GrainRadius	Confidence	eFab11	eFab12	eFab13	eFab21	eFab22	eFab23	eFab31	eFab32	eFab33	eKen11	eKen12	eKen13	eKen21	eKen22	eKen23	eKen31	eKen32	eKen33	PhaseNr
39508	0.407721	-0.287859	0.866546	-0.911476	-0.071619	0.405070	-0.054542	-0.954991	-0.291577	-64.565135	461.967943	60.627819	3.618013	3.618275	3.618005	90.017317	90.000754	90.006073	48.554285	0.044697	0.038695	37.885456	1.000000	91.135146	19.436430	153.691330	19.436430	10.398137	12.567043	153.691330	12.567043	-20.605113	73.706310	77.792922	-170.664997	77.792922	-42.893406	37.353117	-170.664997	37.353117	-67.764118	1.000000	
56497	0.196055	0.680408	0.706122	0.977664	-0.191246	-0.087166	0.075735	0.707439	-0.702705	-132.203414	123.507444	90.104664	3.618207	3.617620	3.617848	89.997072	90.003255	89.995375	32.740173	0.044690	0.039006	26.939720	0.855263	-39.994116	28.504207	-18.210746	28.504207	41.216697	64.776724	-18.210746	64.776724	-91.115474	65.449737	-115.520152	33.839376	-115.520152	76.227318	21.371484	33.839376	21.371484	-68.890973	1.000000	
48345	-0.657994	-0.718365	0.225821	0.732806	-0.679880	-0.027543	0.173317	0.147360	0.973779	-220.754489	224.672391	60.500152	3.617897	3.617523	3.617681	90.000470	89.997983	90.006204	112.928272	0.087053	0.080773	18.628205	0.684211	-139.952646	-41.976808	1.940218	-41.976808	-23.246934	27.675746	1.940218	27.675746	-85.376484	193.164039	-228.385822	270.624163	-228.385822	231.388578	-208.315688	270.624163	-208.315688	19.655190	1.000000	
55181	0.867118	0.409031	-0.284253	0.332445	-0.050277	0.941782	0.370926	-0.911135	-0.179576	128.604754	628.247304	85.748503	3.617680	3.618585	3.618192	90.008459	89.997642	90.023587	41.493540	0.070222	0.059327	42.308156	0.921053	-174.263259	-76.780919	26.218943	-76.780919	64.553687	122.305047	26.218943	122.305047	236.038261	-138.022440	-105.736576	146.784418	-105.736576	91.507559	198.345398	146.784418	198.345398	-11.501090	1.000000	
42413	-0.796651	-0.013517	0.604288	-0.318092	0.859487	-0.400125	-0.513969	-0.510979	-0.689011	79.146576	-146.369211	80.571316	3.617988	3.618113	3.617657	89.992342	89.997163	90.022570	52.816447	0.046645	0.039995	25.133581	1.000000	-65.870220	193.939839	-57.329896	193.939839	75.593347	-0.778529	-57.329896	-0.778529	-76.577498	-50.287203	152.412289	-2.705223	152.412289	-95.967823	160.282296	-2.705223	160.282296	91.226808	1.000000	
55102	0.619454	-0.784975	0.009514	0.333096	0.273795	0.902266	-0.710861	-0.555743	0.431075	401.697953	-134.789239	27.394643	3.617691	3.618129	3.617973	89.988271	89.981992	89.999252	41.368837	0.042396	0.040071	63.376714	0.986842	-16.817118	-9.835992	60.205229	-9.835992	133.416674	-107.994789	60.205229	-107.994789	-173.726072	-14.513174	-84.792455	41.724609	-84.792455	161.917951	-73.289076	41.724609	-73.289076	-57.374359	1.000000	
54816	0.474947	-0.856318	-0.202843	0.028050	-0.215651	0.976068	-0.879567	-0.469270	-0.078403	-87.427879	198.050162	-70.368035	3.617590	3.618047	3.618334	90.003033	90.013444	90.001022	36.823943	0.041194	0.038811	34.294901	1.000000	8.369255	-49.019706	28.462960	-49.019706	93.304859	108.113581	28.462960	108.113581	-109.820492	-17.951650	-85.229102	23.734886	-85.229102	13.373167	159.019510	23.734886	159.019510	67.964561	1.000000	
40439	-0.235068	-0.449302	0.861899	-0.148653	0.892934	0.424938	-0.960544	-0.028234	-0.276690	26.437099	396.389363	101.219031	3.617665	3.618271	3.618139	90.001857	90.005268	89.991491	62.342915	0.040878	0.041241	32.986687	1.000000	85.500273	-28.690341	36.856258	-28.690341	38.427682	-61.924891	36.856258	-61.924891	-102.998454	11.451042	-119.915151	14.640290	-119.915151	-158.788400	-86.811646	14.640290	-86.811646	145.182378	1.000000	
47556	-0.160426	-0.506073	0.847440	0.925676	-0.375157	-0.048800	0.342619	0.776626	0.528644	79.059431	646.715076	-54.145941	3.617709	3.618597	3.618225	89.976142	89.983431	89.976222	77.371358	0.045751	0.051538	52.548724	0.986842	-99.339681	9.504193	16.749792	9.504193	-195.162248	66.395643	16.749792	66.395643	441.175400	21.486787	-22.023448	136.186214	-22.023448	-52.489394	119.713240	136.186214	119.713240	80.866464	1.000000	
47889	0.751957	-0.311817	0.580802	0.292218	0.947431	0.130320	-0.590906	0.071726	0.803546	-168.698936	418.772473	0.169817	3.618292	3.618092	3.617957	90.011298	89.981446	90.004424	45.700132	0.051688	0.044265	60.847312	1.000000	239.284023	-21.583080	11.714525	-21.583080	-3.807657	-43.079715	11.714525	-43.079715	-141.293492	297.291780	-98.288965	1.407020	-98.288965	28.126978	23.533500	1.407020	23.533500	-159.492824	1.000000	
49602	-0.158247	-0.697133	0.699259	-0.220993	0.715223	0.663037	-0.962351	-0.049607	-0.267244	-275.898434	-15.008012	93.570830	3.618028	3.617894	3.617889	89.999497	90.002684	89.990931	42.083498	0.044957	0.042305	30.907533	1.000000	-10.705085	10.069234	75.064337	10.069234	-42.106310	-32.901752	75.064337	-32.901752	0.466002	-87.659234	8.645106	132.126912	8.645106	-26.724001	-19.327371	132.126912	-19.327371	45.669439	1.000000	
43162	-0.588361	0.061335	0.806269	-0.788584	0.176952	-0.588917	-0.178792	-0.982307	-0.055744	134.239040	62.202920	35.988415	3.618144	3.617843	3.618021	89.989036	89.991282	90.007933	77.661795	0.063235	0.060985	23.278138	0.868421	-40.342449	14.020729	-117.293162	14.020729	95.472960	27.655069	-117.293162	27.655069	-52.883405	195.388531	45.384177	-203.604977	45.384177	78.687847	40.653367	-203.604977	40.653367	40.249920	1.000000	
55433	-0.788906	0.614016	-0.024723	0.426322	0.517889	-0.741647	-0.442579	-0.595630	-0.670334	-220.604150	-186.015328	-51.072507	3.617066	3.617559	3.617486	89.981299	89.972088	90.021539	119.587495	0.065284	0.066052	22.655806	0.881579	-20.126072	136.562963	-18.462034	136.562963	-520.134963	132.349034	-18.462034	132.349034	17.984686	-56.235489	-1.143870	274.691961	-1.143870	65.078875	-79.513676	274.691961	-79.513676	143.295515	1.000000	
43979	0.466095	-0.466930	-0.751486	0.826237	-0.074007	0.558441	-0.316368	-0.881192	0.351301	-23.244063	-253.832367	-51.186022	3.617596	3.618512	3.617773	89.998940	89.993492	89.988779	41.208671	0.036740	0.037658	47.817431	0.986111	-104.657415	-75.390300	92.950389	-75.390300	-55.378056	-41.173596	92.950389	-41.173596	127.320335	-19.908221	-60.452301	50.743531	-60.452301	24.802540	-53.588773	50.743531	-53.588773	-47.142870	1.000000	
49048	0.556826	-0.353434	0.751684	0.294095	0.930224	0.219524	-0.776822	0.098830	0.621917	749.287294	339.164232	65.232543	3.619239	3.617512	3.617630	89.992542	89.999442	89.978985	98.250008	0.047540	0.054186	19.987829	0.934211	-71.215844	201.612652	-141.408397	201.612652	35.552375	-192.718610	-141.408397	-192.718610	140.860680	127.483190	112.828015	-81.958688	112.828015	51.932223	-39.109002	-81.958688	-39.109002	-76.774464	1.000000	
55029	0.729260	-0.671832	0.129698	0.484335	0.640739	0.595712	-0.483321	-0.371612	0.792657	-100.421881	412.785213	-11.552019	3.618497	3.617609	3.617989	89.954704	89.991296	89.976763	125.338993	0.059587	0.068124	22.007562	0.934211	-229.143360	36.080162	-255.218745	36.080162	458.028964	13.482983	-255.218745	13.482983	-203.044049	86.639185	-24.434072	82.331403	-24.434072	146.008423	-29.898443	82.331403	-29.898443	-220.759085	1.000000	
45785	0.500541	-0.748478	0.435017	0.697253	0.646386	0.309877	-0.513125	0.148211	0.845421	-175.188802	313.751512	20.397227	3.617860	3.618183	3.617693	89.995519	89.991321	89.972990	46.095562	0.042010	0.042771	42.707202	1.000000	-166.496261	-59.643613	74.036624	-59.643613	254.971569	-1.542402	74.036624	-1.542402	-161.596378	-211.229065	-49.556707	-19.901535	-49.556707	197.161068	-34.559396	-19.901535	-34.559396	45.190894	1.000000	
49133	0.147556	-0.680238	0.717986	-0.098112	0.712285	0.695000	-0.984175	-0.172995	0.038363	495.138553	-445.228397	66.507386	3.622540	3.615294	3.617397	90.021059	90.041006	89.973761	70.716945	0.060442	0.051288	24.623804	1.000000	-347.303628	281.871214	151.511893	281.871214	-612.946413	315.600735	151.511893	315.600735	1299.937751	-32.629757	-26.247982	269.386133	-26.247982	-120.223564	136.682272	269.386133	136.682272	192.710626	1.000000	
56063	0.642379	-0.720852	0.260234	-0.065582	0.286610	0.955800	-0.763576	-0.631053	0.136838	-61.940510	40.466309	79.566587	3.618587	3.618016	3.617882	89.997694	90.008469	89.997864	99.355237	0.047918	0.054073	23.405366	0.986842	17.459146	-68.046937	-73.139736	-68.046937	-9.237611	43.008952	-73.139736	43.008952	125.651532	-148.447703	171.247389	-19.204154	171.247389	-108.649234	87.783051	-19.204154	87.783051	265.963000	1.000000	
56366	0.798247	-0.010861	0.602233	0.198848	0.948534	-0.246462	-0.568561	0.316490	0.759324	76.755275	-151.215380	-19.404556	3.617983	3.618163	3.617822	90.006905	89.994057	90.013104	38.932020	0.042577	0.041294	33.264550	0.921053	31.722397	-118.821466	-47.416120	-118.821466	17.384939	54.176521	-47.416120	54.176521	-58.016733	15.883830	-153.422685	22.548372	-153.422685	78.382901	34.207642	22.548372	34.207642	-31.254066	1.000000	
49622	-0.324015	-0.733000	0.598101	-0.342763	0.680211	0.647940	-0.881775	0.004935	-0.471644	404.192047	-408.301048	-65.482943	3.619598	3.617560	3.617898	90.002768	89.960168	89.999850	82.172605	0.041264	0.045085	26.665715	0.921053	-142.038817	-43.959014	-3.242081	-43.959014	-192.610173	6.105116	-3.242081	6.105116	626.371216	-76.015579	169.763442	-248.214966	169.763442	16.748653	-72.649169	-248.214966	-72.649169	24.321307	1.000000	
43242	-0.540541	0.388669	0.746158	0.071614	0.904930	-0.419492	-0.838264	-0.173318	-0.516985	590.235024	221.992194	-61.982839	3.617702	3.618759	3.617236	90.007385	89.998871	90.000098	73.841750	0.047821	0.053573	32.256465	1.000000	-154.960961	113.179252	48.072027	113.179252	182.350935	-44.513203	48.072027	-44.513203	-111.322578	-282.251657	165.293845	-43.920198	165.293845	99.954226	-62.046224	-43.920198	-62.046224	172.646970	1.000000	
56509	0.740916	-0.285357	0.607959	0.262952	0.956231	0.128366	-0.617980	0.064756	0.783522	439.455867	46.467672	-87.137480	3.618106	3.618321	3.617296	89.977624	89.980355	89.979748	102.790204	0.051442	0.057082	14.416640	1.000000	-36.706904	228.275209	-68.874977	228.275209	228.330074	49.461296	-68.874977	49.461296	-268.292882	171.756209	124.706988	-89.796621	124.706988	160.625218	150.481359	-89.796621	150.481359	-12.164913	1.000000	
45119	0.569541	-0.815945	0.099279	0.736929	0.560383	0.378030	-0.364085	-0.142142	0.920455	-77.187830	716.026737	-88.320033	3.616802	3.617355	3.618807	90.012999	90.012376	90.005990	96.249063	0.056615	0.057220	19.049647	0.842105	-169.062702	-36.830484	91.147770	-36.830484	-355.253977	85.976674	91.147770	85.976674	238.089204	722.824893	365.734661	325.628160	365.734661	-189.092154	57.731638	325.628160	57.731638	-6.094758	1.000000	
55908	0.122910	0.553365	0.823821	0.856950	0.359493	-0.369327	-0.500530	0.751367	-0.430020	-59.414545	354.378035	-0.791568	3.618400	3.617611	3.618168	90.001949	89.986212	89.979621	70.130172	0.055595	0.059658	22.623432	0.947368	33.324129	146.262082	-163.203565	146.262082	111.431853	-1.225699	-163.203565	-1.225699	-95.426162	-72.538197	21.727738	-172.116780	21.727738	204.564396	-184.340326	-172.116780	-184.340326	-167.672943	1.000000	
48314	0.273683	-0.434034	0.858319	0.943873	-0.050388	-0.326443	0.184937	0.899486	0.395883	277.258829	597.848809	-42.716950	3.617646	3.618952	3.618089	89.991042	89.994047	89.992161	34.604621	0.048042	0.039897	57.363414	0.921053	10.324482	-10.303397	-27.094908	-10.303397	-119.921787	16.964343	-27.094908	16.964343	299.377375	73.115277	16.590619	-77.067620	16.590619	-113.410280	137.768307	-77.067620	137.768307	-22.390518	1.000000	
44542	-0.600413	0.745275	0.289947	0.681110	0.666574	-0.302933	-0.419039	0.015601	-0.907834	630.631965	91.928061	37.045374	3.617940	3.617986	3.618397	90.005872	89.985490	89.987185	48.054221	0.031558	0.033837	68.797828	0.868421	-165.245685	56.920082	18.970546	56.920082	70.637035	-26.125784	18.970546	-26.125784	183.912150	-384.767825	-98.608789	37.451832	-98.608789	149.180790	8.903610	37.451832	8.903610	156.889688	1.000000	
57962	0.857932	0.284635	0.427709	-0.425288	0.860524	0.280407	-0.288241	-0.422470	0.859323	-114.240613	208.616976	9.517554	3.618309	3.618107	3.617734	89.982578	89.974886	90.006469	54.485526	0.052449	0.048820	38.665848	0.875000	222.025324	13.312823	117.752679	13.312823	93.895617	-17.471438	117.752679	-17.471438	-274.676528	472.824917	96.131534	105.703581	96.131534	6.973067	-37.722155	105.703581	-37.722155	-278.778881	1.000000	
45224	-0.687515	0.707283	0.164544	0.204282	0.405818	-0.890832	-0.696844	-0.578846	-0.423491	480.206694	-319.801234	88.063605	3.618407	3.617953	3.618011	89.977234	90.007757	90.025926	72.643137	0.047673	0.048003	22.128815	0.855263	328.240500	-145.136704	-9.999125	-145.136704	-151.656359	111.035731	-9.999125	111.035731	-74.385423	82.310553	31.397591	34.741476	31.397591	-136.440535	228.219356	34.741476	228.219356	171.512896	1.000000	
46837	0.859246	-0.397370	0.322169	-0.479636	-0.406791	0.777477	-0.177891	-0.822568	-0.540127	60.188787	-218.682914	-22.564143	3.618062	3.618003	3.618127	90.004798	90.001373	90.004661	36.338055	0.042374	0.038153	68.125092	1.000000	48.324528	20.587824	25.824115	20.587824	44.829272	-15.784751	25.824115	-15.784751	-40.002854	40.560947	-14.981267	59.714966	-14.981267	-29.499753	-69.309124	59.714966	-69.309124	98.479499	1.000000	
45160	0.351780	0.580733	0.734166	0.404916	0.612721	-0.678687	-0.843975	0.536024	-0.019605	430.307451	305.166902	85.846514	3.617230	3.618644	3.618226	89.994903	90.016950	90.018062	112.138543	0.050100	0.062743	19.717546	0.973684	-35.502446	-75.362736	274.853913	-75.362736	26.756612	79.046941	274.853913	79.046941	36.228818	-121.488967	133.648342	318.298845	133.648342	1.277970	-150.559020	318.298845	-150.559020	-85.364756	1.000000	
53693	-0.398901	0.535588	0.744328	0.029992	0.818890	-0.573166	-0.916503	-0.206312	-0.342720	-135.864775	639.495836	-3.588916	3.618280	3.618200	3.617805	89.999689	90.000701	89.985705	40.816698	0.041011	0.036123	49.662037	0.791667	-49.263166	6.837687	-12.544749	6.837687	23.118674	-120.048475	-12.544749	-120.048475	104.826244	-58.471071	-16.431343	-24.349330	-16.431343	-5.125655	-103.331410	-24.349330	-103.331410	82.655764	1.000000	
48498	-0.463149	-0.766687	0.444616	0.472025	-0.637980	-0.608420	0.750124	-0.071919	0.657375	314.247765	390.398916	10.687532	3.617376	3.618457	3.617851	89.981392	90.006705	90.032343	54.452999	0.046760	0.044932	25.246527	1.000000	-257.926697	130.306319	119.047437	130.306319	327.368145	53.291260	119.047437	53.291260	-156.841454	-240.122978	-55.029217	51.117249	-55.029217	132.327449	174.152002	51.117249	174.152002	240.992277	1.000000	
57800	0.535016	0.153909	0.830705	0.785887	0.270201	-0.556213	-0.310064	0.950423	0.023606	-39.370514	-257.985884	70.022669	3.617807	3.618564	3.618133	89.986252	90.002840	90.006615	72.618240	0.050152	0.054017	28.440947	1.000000	12.894213	-40.306903	106.981960	-40.306903	-49.077811	-53.183075	106.981960	-53.183075	175.381614	-41.855071	-87.801148	44.494746	-87.801148	24.007341	-112.392889	44.494746	-112.392889	-106.781242	1.000000	
57662	0.118609	-0.717220	0.686679	0.278608	0.687818	0.670286	-0.953053	0.111812	0.281405	474.750874	-3.183543	112.235673	3.617791	3.617986	3.617751	89.990534	89.997284	89.978027	82.028604	0.045799	0.050377	17.082745	0.986842	-145.340457	-48.689947	102.099568	-48.689947	121.305834	-108.719527	102.099568	-108.719527	-106.466769	125.815604	-79.341035	127.359703	-79.341035	190.587702	-96.396431	127.359703	-96.396431	-79.120955	1.000000	
55322	0.764345	0.075152	-0.640413	0.358773	0.775683	0.519228	0.535779	-0.626633	0.565926	453.527193	-141.112847	-33.389067	3.618134	3.618119	3.617885	89.979053	90.019717	89.999909	61.915597	0.037934	0.043648	39.426358	0.944444	159.744643	-89.208170	90.560619	-89.208170	99.580954	-80.091501	90.560619	-80.091501	-221.231152	124.047441	-137.341627	50.318236	-137.341627	56.560140	-113.101580	50.318236	-113.101580	-164.343308	1.000000	
45018	0.594553	-0.738502	-0.317998	0.694321	0.272102	0.666242	-0.405493	-0.616909	0.674536	-194.772401	477.762622	31.598970	3.618254	3.617807	3.618259	90.011681	90.000797	89.988885	58.804286	0.059432	0.051446	28.143183	0.960526	-127.543223	48.213388	-36.047937	48.213388	54.893427	-9.028157	-36.047937	-9.028157	160.948971	11.307546	-18.047229	-145.724666	-18.047229	131.084924	3.880358	-145.724666	3.880358	-212.983150	1.000000	
56857	0.749257	-0.322202	0.578619	0.144236	0.932093	0.332262	-0.646382	-0.165492	0.744851	593.040181	-132.506296	-72.944684	3.618589	3.617712	3.617096	90.002673	90.000434	90.023484	65.453406	0.044624	0.044822	36.025163	1.000000	103.699217	-151.572277	-200.853218	-151.572277	-163.216918	49.119327	-200.853218	49.119327	-107.394427	231.462978	-109.246680	-28.031056	-109.246680	-127.796630	10.970614	-28.031056	10.970614	-140.903015	1.000000	
40188	-0.732379	-0.583784	-0.350453	0.543909	-0.191964	-0.816892	0.409614	-0.788889	0.458115	61.762353	429.988221	53.477023	3.618382	3.617859	3.618062	89.995715	89.992605	89.989361	63.678381	0.054765	0.054310	36.259572	0.842105	173.276966	-11.242161	-51.487841	-11.242161	-23.744463	-20.673579	-51.487841	-20.673579	-65.719752	71.444628	-127.237772	-72.403030	-127.237772	-66.047708	-153.640478	-72.403030	-153.640478	-256.733730	1.000000	
50274	0.614246	0.012341	0.789018	-0.705687	-0.438869	0.556238	0.353140	-0.898466	-0.260864	-193.506007	92.641673	56.449426	3.617890	3.617783	3.618116	90.008040	89.995829	90.006676	55.652650	0.038094	0.040558	34.046538	0.888889	41.550542	59.852919	73.590447	59.852919	-47.153744	-7.705252	73.590447	-7.705252	-52.568506	16.866870	39.126731	-8.579636	39.126731	-89.332201	-59.243143	-8.579636	-59.243143	29.625354	1.000000	
41157	-0.423601	-0.258905	0.868061	-0.325938	0.937666	0.120612	-0.845178	-0.231843	-0.481583	17.346707	312.634462	47.860965	3.617741	3.618372	3.618185	90.005420	90.011257	89.986237	31.731949	0.038518	0.035338	55.535874	1.000000	152.442614	-71.306129	52.867408	-71.306129	7.268913	-113.899381	52.867408	-113.899381	-77.231533	27.813710	-51.585973	51.870955	-51.585973	-30.946341	-103.118782	51.870955	-103.118782	32.314155	1.000000	
42395	0.538381	0.354490	0.764515	-0.353316	-0.728678	0.586683	0.765058	-0.585974	-0.267060	-150.763395	660.819944	-62.671054	3.618004	3.618229	3.616983	90.007159	90.034073	90.006934	126.919243	0.060624	0.069859	19.622319	0.815789	-457.821591	-103.063941	-49.934731	-103.063941	82.468792	-60.176053	-49.934731	-60.176053	158.480244	-17.855854	-401.069549	-101.814575	-401.069549	165.255362	-102.051917	-101.814575	-102.051917	-208.464225	1.000000	
54860	-0.402708	0.768776	0.496799	0.827724	0.537569	-0.160908	-0.390766	0.346414	-0.852818	157.538497	89.106503	-73.558918	3.618504	3.617913	3.617453	90.008425	89.993657	89.995174	102.989776	0.048433	0.064660	23.943858	0.944444	-133.280632	-10.827308	104.847507	-10.827308	120.125468	-64.871742	104.847507	-64.871742	-22.574926	-24.862377	14.035243	66.832176	14.035243	175.659999	99.920359	66.832176	99.920359	84.762313	1.000000	
43126	0.487115	0.217989	-0.845695	0.869811	-0.208040	0.447380	-0.078414	-0.953520	-0.290948	-182.054827	417.303796	-17.051968	3.618158	3.618129	3.617916	90.000166	90.003173	89.997733	33.663043	0.051112	0.045524	69.678970	0.986842	22.905781	41.360091	-23.364414	41.360091	1.427134	-0.411943	-23.364414	-0.411943	31.721354	29.159625	-53.757480	-46.399457	-53.757480	34.550964	-1.170664	-46.399457	-1.170664	1.862067	1.000000	
49096	-0.192125	-0.866014	0.461635	0.774839	-0.422540	-0.470197	0.602257	0.267356	0.752202	582.990344	418.917494	-88.817785	3.617824	3.616931	3.617190	89.977726	89.985233	89.994803	121.530258	0.062034	0.068588	18.262459	0.868421	-434.358130	19.889320	-115.013738	19.889320	-177.812209	40.160637	-115.013738	40.160637	44.064813	409.551267	85.448408	-108.048268	85.448408	-93.610060	-107.636864	-108.048268	-107.636864	139.020513	1.000000	
52165	0.267689	-0.848008	-0.457412	0.788865	0.465471	-0.401284	0.553203	-0.253417	0.793565	-261.453389	102.852958	34.578291	3.617677	3.618734	3.617409	90.008605	89.984026	89.994690	54.666955	0.055267	0.049868	33.435160	0.960526	-8.160603	-228.945036	100.937160	-228.945036	-64.041496	12.737836	100.937160	12.737836	22.462843	-59.027072	-145.653724	98.133224	-145.653724	-117.540593	84.298261	98.133224	84.298261	122.550136	1.000000	
57999	0.044481	-0.746902	0.663445	-0.203255	0.643445	0.738015	-0.978115	-0.167676	-0.123190	354.135216	338.362611	-30.191252	3.617795	3.618152	3.618153	89.988458	89.997007	90.009345	62.569581	0.063636	0.060230	26.750334	1.000000	-51.037842	-28.843567	-73.743527	-28.843567	147.144488	-9.716298	-73.743527	-9.716298	-68.654828	-7.586104	-18.412694	-1.926470	-18.412694	14.953073	-58.721272	-1.926470	-58.721272	43.570533	1.000000	
49100	0.744377	-0.048982	0.665961	-0.238892	0.911767	0.334083	-0.623565	-0.407776	0.666997	337.380068	467.134191	-32.696905	3.617536	3.618734	3.617857	90.015535	89.999148	90.030074	55.069224	0.044523	0.038480	60.195451	0.986842	-52.859349	-255.676454	159.497281	-255.676454	187.298393	-46.419033	159.497281	-46.419033	-99.708678	-27.163943	-270.058320	129.477842	-270.058320	46.865463	-30.720745	129.477842	-30.720745	0.671541	1.000000	
54987	0.526210	-0.841865	-0.119857	0.087733	-0.086450	0.992386	-0.845817	-0.532719	0.028368	489.348135	517.339055	-31.659540	3.617899	3.617890	3.618440	90.008320	90.006620	89.995212	33.309770	0.045311	0.039789	44.630101	1.000000	-71.887132	7.398876	6.720709	7.398876	121.057467	92.094237	6.720709	92.094237	14.189753	-21.705423	-29.718358	32.784536	-29.718358	46.918751	6.555100	32.784536	6.555100	-41.429521	1.000000	
49102	-0.089417	-0.801247	0.591615	-0.655405	0.494602	0.570800	-0.749966	-0.336708	-0.569367	-284.021793	175.483541	88.327416	3.618016	3.617943	3.617779	89.989209	89.994603	90.008389	62.336296	0.046334	0.047287	25.883405	1.000000	-136.315040	-85.469405	-23.899446	-85.469405	43.521726	-11.489738	-23.899446	-11.489738	20.255186	27.152068	-41.820726	8.656489	-41.820726	-115.426093	-162.710442	8.656489	-162.710442	-19.579249	1.000000	
39584	-0.478376	-0.771009	0.420360	0.840231	-0.541024	-0.036131	0.255282	0.335915	0.906638	491.254409	-393.369406	-44.419182	3.617652	3.616736	3.618451	90.020691	89.989011	90.035341	130.479997	0.071338	0.080882	17.299623	0.902778	-356.769223	82.533654	329.391293	82.533654	97.348330	157.224968	329.391293	157.224968	-61.711696	466.811775	262.143218	22.009902	262.143218	-111.058829	47.961750	22.009902	47.961750	-141.922383	1.000000	
43454	-0.285216	0.431224	0.855978	0.272251	0.892737	-0.359027	-0.918984	0.130640	-0.372024	397.403981	222.412774	80.540853	3.617672	3.618520	3.618014	89.997552	90.013478	90.000719	31.485555	0.037485	0.033101	49.603693	1.000000	96.893179	35.683680	64.861504	35.683680	114.673593	9.890885	64.861504	9.890885	-154.546099	77.854679	5.264954	102.832314	5.264954	26.531224	-22.209741	102.832314	-22.209741	-8.683418	1.000000	
40159	-0.174405	-0.865205	0.470110	0.608820	-0.469982	-0.639105	0.773900	0.174750	0.608721	-339.549263	-45.204545	87.305129	3.618144	3.617779	3.618382	89.991191	90.011723	89.994022	66.859300	0.054784	0.049321	31.040657	0.894737	-51.230573	-99.188609	-62.948610	-99.188609	140.281905	-48.687007	-62.948610	-48.687007	-4.883940	307.140346	-58.597446	-142.222617	-58.597446	179.677256	-40.078915	-142.222617	-40.078915	-285.214152	1.000000	
42993	0.236976	0.669951	0.703568	-0.223674	0.742365	-0.631556	-0.945416	-0.007706	0.325774	403.289695	276.876761	42.059029	3.617658	3.618418	3.617975	90.012630	89.986649	90.026152	39.387757	0.051817	0.040387	25.378887	1.000000	-94.498831	12.925753	72.010031	12.925753	268.131993	174.369473	72.010031	174.369473	-159.998814	-92.819715	24.683788	62.306413	24.683788	244.206970	259.969017	62.306413	259.969017	-100.596239	1.000000	
47854	-0.324099	-0.605868	0.726556	0.196266	-0.794363	-0.574863	0.925440	-0.043714	0.376363	203.933109	642.219915	6.842966	3.621135	3.615235	3.617907	89.990706	89.974542	89.986610	106.318625	0.060458	0.064851	15.263547	0.960526	-333.222322	-341.410774	-249.712605	-341.410774	-469.960053	-74.613738	-249.712605	-74.613738	879.751553	415.320640	-276.945786	-322.083933	-276.945786	-230.703138	-24.898359	-322.083933	-24.898359	-30.833051	1.000000	
39845	-0.055614	-0.559361	0.827057	0.047918	0.825889	0.561793	-0.997302	0.070875	-0.019128	-177.999317	254.047362	-14.379196	3.617727	3.617950	3.618293	90.002511	90.009535	90.000575	47.652215	0.057355	0.052925	26.619412	0.958333	78.525323	35.766482	59.316188	35.766482	-9.155014	52.218688	59.316188	52.218688	-77.547317	-206.475648	-2.708843	16.469657	-2.708843	64.203303	-34.246976	16.469657	-34.246976	86.041154	1.000000	
39881	0.653719	0.756643	-0.011924	0.628661	-0.534241	0.565130	0.421231	-0.376932	-0.824916	391.537440	435.112241	-6.625790	3.617935	3.617424	3.617815	90.001538	89.979830	89.999376	32.467888	0.038076	0.030614	42.698114	0.894737	-95.928515	115.847442	-47.164921	115.847442	60.642254	-67.951301	-47.164921	-67.951301	-192.981398	57.838452	64.641164	-63.423752	64.641164	-119.585673	-81.538903	-63.423752	-81.538903	-47.200578	1.000000	
56104	0.828631	0.127622	0.545053	0.120603	0.910102	-0.396446	-0.546649	0.394243	0.738747	461.850664	88.928584	-93.956519	3.617899	3.617833	3.617425	89.995619	89.995665	89.989012	112.608519	0.041385	0.054529	14.908663	1.000000	-7.452610	107.073307	-5.327251	107.073307	-73.826610	19.995175	-5.327251	19.995175	-151.943382	165.493804	163.677347	19.747042	163.677347	-66.626159	274.017687	19.747042	274.017687	394.926429	1.000000	
49688	0.496698	-0.136871	0.857063	-0.733992	0.460759	0.498956	-0.463192	-0.876908	0.128396	251.353938	500.363252	48.819361	3.618692	3.616092	3.618114	90.007812	90.023750	90.003782	132.867796	0.056407	0.067104	19.308324	0.868421	-95.666692	22.931536	29.978624	22.931536	141.662451	359.061263	29.978624	359.061263	-350.853142	-21.025514	-35.131298	246.123595	-35.131298	-19.316169	53.582409	246.123595	53.582409	181.232308	1.000000	
45318	0.775811	-0.434428	-0.457592	0.552221	0.818328	0.159344	0.305237	-0.376313	0.874768	509.289664	-320.240082	53.047241	3.617736	3.618250	3.617541	89.996339	89.988317	90.001992	49.041126	0.033648	0.037364	44.214274	0.944444	-105.381833	-80.756483	100.469809	-80.756483	31.333183	23.188973	100.469809	23.188973	-56.662296	-27.951089	-35.207997	20.200877	-35.207997	103.105525	-6.504491	20.200877	-6.504491	-35.755463	1.000000	
49130	0.537667	0.745926	-0.393075	0.779865	-0.262745	0.568134	0.320507	-0.612012	-0.722991	592.672150	167.060778	36.251597	3.617997	3.617878	3.617981	90.006247	90.006144	90.011653	53.301560	0.036238	0.038634	108.813509	0.960526	-46.667777	-66.013684	66.738820	-66.013684	5.962709	82.753019	66.738820	82.753019	1.086239	27.660043	27.644072	55.334571	27.644072	83.806171	-47.398575	55.334571	-47.398575	232.916352	1.000000	
43448	0.305290	-0.852143	-0.425029	0.933370	0.356233	-0.043792	0.188726	-0.383340	0.904120	-30.065007	402.708430	-1.300036	3.618254	3.618088	3.617824	89.994096	90.004167	90.005063	56.115537	0.048492	0.047046	45.130277	0.973684	85.230427	51.085275	4.522760	51.085275	36.186817	10.874671	4.522760	10.874671	-75.335966	115.635424	86.925698	-70.546326	86.925698	16.540426	-66.119576	-70.546326	-66.119576	-37.631539	1.000000	
49125	-0.431967	-0.871860	0.230792	0.899559	-0.398122	0.179701	-0.064791	0.285236	0.956265	-138.395084	648.831891	89.671769	3.617322	3.618043	3.618268	90.019425	90.002083	89.971682	102.820179	0.060977	0.059524	21.980355	0.710526	235.941267	-31.485962	129.626978	-31.485962	-305.980412	132.508512	129.626978	132.508512	-31.386504	108.234862	38.616664	-38.902819	38.616664	-192.511194	-146.889793	-38.902819	-146.889793	231.862704	1.000000	
42528	-0.643580	0.101277	0.758649	0.284537	0.951825	0.114315	-0.710523	0.289435	-0.641393	535.275963	300.643085	61.553530	3.617990	3.617860	3.618449	89.994201	90.006867	90.002945	85.776355	0.046445	0.051509	27.014582	0.973684	139.529481	51.121135	-40.704895	51.121135	-40.448888	-17.367750	-40.704895	-17.367750	-16.403169	217.799487	110.870336	54.575499	110.870336	-116.605899	140.699623	54.575499	140.699623	-58.738039	1.000000	
58052	0.810024	0.572738	0.125828	-0.416316	0.410569	0.811242	0.412968	-0.709510	0.571011	242.406484	-113.684379	80.064946	3.618428	3.618189	3.617474	89.992002	89.981796	89.995671	105.906260	0.076831	0.070629	17.231059	0.881579	169.895922	93.271625	93.420592	93.271625	-140.044374	-93.649617	93.420592	-93.649617	-4.648998	45.591779	75.195699	286.391774	75.195699	-78.800060	-76.574563	286.391774	-76.574563	87.973084	1.000000	
51841	0.685402	0.068796	-0.724908	0.559939	-0.686219	0.464298	-0.465503	-0.724135	-0.508857	345.892482	484.647207	-18.628503	3.618111	3.617605	3.617725	90.010863	90.000577	89.988370	54.214889	0.041914	0.040692	46.048241	0.947368	-2.067061	-51.019541	-132.421281	-51.019541	-78.460052	-51.762048	-132.421281	-51.762048	-74.173115	104.871305	-165.428526	-41.314700	-165.428526	65.063987	-112.606888	-41.314700	-112.606888	51.644784	1.000000	
56977	0.752912	-0.338646	0.564307	0.062478	0.890358	0.450953	-0.655149	-0.304271	0.691520	-254.151388	93.691130	95.562769	3.617732	3.618574	3.617591	90.026435	89.997442	90.038539	58.477493	0.046645	0.045450	29.481826	0.986842	218.657022	-370.696821	108.369032	-370.696821	-119.038481	11.374342	108.369032	11.374342	-128.505426	356.452948	-282.345142	1.405903	-282.345142	-239.049651	102.214889	1.405903	102.214889	-85.114721	1.000000	
52120	0.221682	-0.500787	-0.836701	0.930504	-0.147935	0.335078	-0.291581	-0.852835	0.433190	460.540948	525.095762	14.455034	3.618244	3.617487	3.617165	89.993695	90.002181	89.987660	119.124895	0.062573	0.066863	22.120458	0.894737	-164.537560	25.378356	34.942938	25.378356	-17.542843	-175.576185	34.942938	-175.576185	-122.966161	308.097585	119.367631	81.647108	119.367631	258.239398	-78.497433	81.647108	-78.497433	-212.226144	1.000000	
43482	0.176124	-0.721414	-0.669733	0.826057	-0.261709	0.499137	-0.535359	-0.641148	0.549836	572.450775	-221.842148	88.846099	3.617884	3.618508	3.617879	90.009149	89.997982	90.004167	37.908180	0.026812	0.026525	34.552172	0.902778	-14.987228	62.908607	75.685901	62.908607	30.599679	83.028456	75.685901	83.028456	59.421445	-211.069434	8.673653	135.831761	8.673653	123.264982	57.880349	135.831761	57.880349	45.376725	1.000000	
56990	0.193283	-0.828176	0.526085	0.138894	0.553892	0.820921	-0.971262	-0.085600	0.222087	287.068150	517.781871	71.882960	3.617881	3.618054	3.617909	89.996939	89.997238	90.011552	28.093362	0.039834	0.034601	65.502229	1.000000	15.880752	-22.581019	-92.534445	-22.581019	1.202948	37.497431	-92.534445	37.497431	-60.338869	24.003566	-25.488434	-114.284132	-25.488434	-132.074288	112.722395	-114.284132	112.722395	116.371787	1.000000	
40253	-0.683672	-0.217323	-0.696680	0.727401	-0.125747	-0.674593	0.058999	-0.967966	0.244051	587.832907	-212.533609	-82.474567	3.616679	3.617952	3.618872	90.032193	90.019023	89.972605	85.943431	0.067229	0.063795	17.115234	0.894737	-226.498122	219.113401	-14.088643	219.113401	-12.263076	-424.648405	-14.088643	-424.648405	101.226688	337.587053	106.007613	-68.052480	106.007613	-204.204588	-265.174978	-68.052480	-265.174978	-77.186217	1.000000	
40268	-0.728380	-0.399492	-0.556659	0.642065	-0.114339	-0.758075	0.239197	-0.909578	0.339782	341.699261	415.918557	78.016489	3.617131	3.618301	3.615266	89.998546	89.978816	89.988572	145.486820	0.061799	0.077959	24.939140	0.805556	-134.836640	-179.382816	205.887206	-179.382816	-724.613777	120.525282	205.887206	120.525282	-53.397567	-148.680171	51.381978	230.958105	51.381978	190.219376	127.989108	230.958105	127.989108	-42.638116	1.000000	
52801	0.422544	-0.534806	-0.731737	0.826610	-0.103720	0.553135	-0.371716	-0.838585	0.398250	3.264694	-191.137567	38.888583	3.617945	3.617665	3.617494	90.002087	89.984726	89.997609	85.008264	0.044920	0.043514	28.178345	0.916667	-210.126119	-9.508248	49.784618	-9.508248	66.194032	-22.121060	49.784618	-22.121060	-103.620890	165.875178	-211.679131	145.271654	-211.679131	105.222891	-72.867086	145.271654	-72.867086	-10.752682	1.000000	
43760	0.124452	0.575377	0.808364	0.155204	0.793381	-0.588607	-0.980012	0.198715	0.009438	180.344539	355.257151	93.130222	3.617685	3.617935	3.617666	89.994246	90.014934	90.001262	70.818157	0.068907	0.062185	24.183337	0.907895	-48.745649	40.484296	125.219881	40.484296	-71.147101	-61.700852	125.219881	-61.700852	-77.427076	-68.312231	-92.066503	209.925089	-92.066503	315.502753	-74.546924	209.925089	-74.546924	-146.459373	1.000000	
39619	-0.534573	-0.774064	0.339200	0.695713	-0.630933	-0.343375	0.479807	0.052427	0.875806	378.085924	-289.898132	-28.438843	3.617567	3.618180	3.617776	90.004305	89.990505	90.012318	50.277756	0.058808	0.051694	34.654044	0.894737	-110.724919	130.544430	52.689640	130.544430	-6.909482	63.923042	52.689640	63.923042	-14.209049	-63.148153	184.988095	-56.628334	184.988095	144.214965	-47.602331	-56.628334	-47.602331	21.315572	1.000000	
50400	0.641868	0.276396	0.715269	-0.256717	0.956409	-0.139206	-0.722566	-0.094270	0.684844	25.472328	-121.189570	89.424859	3.617649	3.618297	3.617766	90.003551	89.997762	90.019581	39.119488	0.047913	0.043821	27.348716	1.000000	-121.717116	-73.974156	50.345389	-73.974156	161.015164	72.538880	50.345389	72.538880	-118.841246	-17.463245	-191.785690	-91.256939	-191.785690	116.536160	113.646885	-91.256939	113.646885	18.195817	1.000000	
51268	-0.265634	-0.593143	-0.760013	0.750447	0.367664	-0.549229	0.605201	-0.716243	0.347458	8.887879	-305.210257	-1.997511	3.618635	3.620308	3.617219	90.007171	89.948602	90.040527	21.182246	0.019314	0.016828	33.057737	0.960526	125.288271	-265.413098	90.663769	-265.413098	-420.161179	-0.785026	90.663769	-0.785026	891.640667	12.200885	48.755353	68.621488	48.755353	-20.406476	53.174650	68.621488	53.174650	-11.809355	1.000000	
49817	0.723400	0.583210	0.369539	-0.503602	0.079567	0.860264	0.472311	-0.808415	0.351264	-285.341978	-37.665698	-27.179016	3.617712	3.618038	3.618056	89.996318	90.008603	90.004171	44.815782	0.034302	0.033539	64.647034	0.894737	-92.979619	27.358878	-54.066321	27.358878	63.743601	-31.885154	-54.066321	-31.885154	-24.363979	78.421374	126.759335	-152.039708	126.759335	167.148097	-93.046207	-152.039708	-93.046207	11.097374	1.000000	
55263	0.808324	-0.588412	0.019593	0.365160	0.527184	0.767291	-0.461812	-0.613066	0.640999	182.318845	-289.706553	-62.760982	3.618234	3.617513	3.617902	89.981416	89.981427	89.977320	53.367340	0.037907	0.040981	36.424870	0.972222	-191.323034	132.378712	-97.881721	132.378712	253.467260	-114.087281	-97.881721	-114.087281	-159.322629	-104.183403	53.052718	18.298363	53.052718	231.315739	-211.426655	18.298363	-211.426655	65.524633	1.000000	
53143	-0.051190	0.630176	0.774763	-0.374019	0.707224	-0.599953	-0.926007	-0.320487	0.199495	-75.973208	535.649709	88.836286	3.618080	3.617959	3.618062	90.003411	90.001595	90.031914	46.083140	0.040578	0.039972	25.152975	0.986111	-4.141967	61.601357	177.749145	61.601357	169.918521	140.568456	177.749145	140.568456	-137.924465	-54.359318	29.862718	205.129335	29.862718	276.500465	49.064403	205.129335	49.064403	-128.414290	1.000000	
58041	0.778016	0.050638	0.626201	-0.321929	0.888071	0.328163	-0.539494	-0.456908	0.707235	-123.633881	360.170078	20.805131	3.617754	3.617728	3.618088	89.999089	89.994242	90.004865	39.021752	0.037476	0.035428	26.407542	1.000000	14.286835	-2.684238	66.090170	-2.684238	-45.371336	21.888877	66.090170	21.888877	-87.676090	84.598104	18.927550	21.918767	18.927550	130.281653	-78.553461	21.918767	-78.553461	-38.915038	1.000000	
54911	0.449296	-0.871682	-0.195712	-0.065842	-0.250781	0.965802	-0.890953	-0.421045	-0.170069	-81.917764	355.447531	3.985220	3.617424	3.618115	3.618014	90.004375	90.016098	90.017654	55.659975	0.041487	0.042101	23.355023	0.960526	124.458579	-13.028315	-37.488101	-13.028315	36.110620	87.882709	-37.488101	87.882709	-284.358473	96.670823	34.766248	-110.901728	34.766248	166.646371	25.409593	-110.901728	25.409593	-188.647180	1.000000	
44752	-0.483344	-0.399075	0.779178	0.847765	0.008614	0.530302	-0.218342	0.916878	0.334158	-201.181064	349.066868	-37.763122	3.618591	3.617705	3.617671	90.009325	89.995322	90.008454	110.395706	0.051782	0.061104	24.506958	0.944444	-38.602274	-45.716823	-11.185297	-45.716823	126.676445	-137.137954	-11.185297	-137.137954	-97.093946	-84.745213	-122.591112	203.181753	-122.591112	95.745121	113.174075	203.181753	113.174075	80.177552	1.000000	
42856	-0.404763	0.348701	0.845325	-0.753319	0.396862	-0.524415	-0.518341	-0.849063	0.102048	144.936388	-72.691102	15.694507	3.618169	3.617364	3.618346	89.993551	89.982346	90.012895	53.850986	0.029748	0.034829	49.906746	0.789474	14.164510	-61.696013	-60.486114	-61.696013	190.712990	80.884627	-60.486114	80.884627	-238.350575	10.613907	25.348330	-15.809806	25.348330	158.518910	109.674798	-15.809806	109.674798	-190.002794	1.000000	
49158	0.402623	0.740274	-0.538414	0.895354	-0.196170	0.399822	0.190357	-0.643049	-0.741790	509.995390	343.919724	-28.789226	3.618186	3.617972	3.617712	90.017838	89.989669	90.011048	43.060305	0.034938	0.031471	22.496664	0.986842	8.483437	-110.926370	-17.388880	-110.926370	150.984244	54.857669	-17.388880	54.857669	-195.595459	-34.187264	179.447686	-42.339069	179.447686	411.543417	-170.478341	-42.339069	-170.478341	-64.983488	1.000000	
46591	0.654924	0.291337	-0.697278	0.435997	0.607970	0.663535	0.617237	-0.738576	0.271153	563.009392	177.110998	-86.462234	3.614897	3.617442	3.617771	89.953990	90.046682	89.972015	117.662045	0.052338	0.058011	18.253406	0.631579	-109.994109	-260.494664	-34.556713	-260.494664	-30.104479	-505.303887	-34.556713	-505.303887	-935.587140	419.961143	-209.800802	179.953241	-209.800802	431.059642	-469.067493	179.953241	-469.067493	-893.155159	1.000000	
46878	-0.727243	-0.417528	0.544782	0.533876	-0.842932	0.066650	0.431386	0.339317	0.835925	-89.294522	-38.378970	-81.030969	3.615909	3.616729	3.618691	89.991169	89.989201	89.975814	144.414149	0.066964	0.072036	13.947171	0.815789	-291.839043	175.364413	180.330760	175.364413	-605.266856	-68.321486	180.330760	-68.321486	158.887100	86.624899	-289.943667	-41.852090	-289.943667	-302.510162	-279.483221	-41.852090	-279.483221	94.569410	1.000000	
45675	-0.460538	-0.287465	0.839803	-0.505339	-0.692909	-0.514305	0.729752	-0.661242	0.173844	620.284148	-58.566819	15.726772	3.617019	3.618348	3.617719	89.992402	89.984988	90.039750	133.814988	0.095904	0.092290	26.651818	0.973684	-329.448652	-224.874505	94.956935	-224.874505	-171.122644	164.490265	94.956935	164.490265	247.917792	69.608816	40.889205	238.618565	40.889205	-65.413717	128.908554	238.618565	128.908554	-5.755642	1.000000	
45935	0.890018	-0.323534	-0.321238	0.436011	0.398025	0.807137	-0.133275	-0.858430	0.495313	155.609329	-137.511767	92.394898	3.618051	3.617812	3.617870	89.984965	90.000771	89.988307	46.062333	0.042374	0.040326	36.900936	1.000000	-25.692622	-11.705537	-71.994723	-11.705537	85.943969	-106.877189	-71.994723	-106.877189	-134.139413	-88.789945	-86.572303	-75.389560	-86.572303	65.008509	-90.258945	-75.389560	-90.258945	-6.657345	1.000000	
39642	0.623293	0.081574	0.777722	-0.288635	0.948316	0.131855	-0.726770	-0.306663	0.614624	-92.834091	386.087483	68.987664	3.617803	3.618356	3.617976	89.993456	89.994234	89.997618	41.774595	0.047974	0.044915	43.723767	0.986842	33.582821	64.119139	-6.027486	64.119139	82.850150	-35.832250	-6.027486	-35.832250	-79.299026	-68.544618	27.212402	-24.475693	27.212402	44.830819	21.164574	-24.475693	21.164574	54.405078	1.000000	
52948	0.493640	-0.836748	-0.237007	0.869606	0.471716	0.145838	-0.010230	-0.278094	0.960499	83.981469	-288.326046	-1.602201	3.618112	3.618045	3.618017	90.009093	89.990240	90.019432	48.242277	0.045839	0.044103	33.169158	0.921053	105.125576	99.275153	122.588459	99.275153	-102.183164	78.876965	122.588459	78.876965	45.135849	289.489914	-15.101511	-78.467805	-15.101511	-38.863416	97.887833	-78.467805	97.887833	-139.832195	1.000000	
