%NumGrains 278
%BeamCenter 9.156851
%BeamThickness 100.000000
%GlobalPosition 100.000000
%NumPhases 1
%PhaseInfo
%	SpaceGroup:225
%	Lattice Parameter: 3.600100 3.600100 3.600100 90.000000 90.000000 90.000000
%GrainID	O11	O12	O13	O21	O22	O23	O31	O32	O33	X	Y	Z	a	b	c	alpha	beta	gamma	DiffPos	DiffOme	DiffAngle	GrainRadius	Confidence	eFab11	eFab12	eFab13	eFab21	eFab22	eFab23	eFab31	eFab32	eFab33	eKen11	eKen12	eKen13	eKen21	eKen22	eKen23	eKen31	eKen32	eKen33	PhaseNr
1922	0.125133	-0.757758	0.640425	0.173938	-0.618746	-0.766093	0.976774	0.207258	0.054378	251.878019	23.484906	40.314890	3.600793	3.600861	3.600897	90.004956	90.004266	90.002793	152.756857	0.057674	0.063732	60.211110	0.817568	255.892962	-8.777389	-12.042041	-8.777389	190.909551	46.070062	-12.042041	46.070062	178.679356	172.748655	-214.172726	-77.767446	-214.172726	47.450070	1.481238	-77.767446	1.481238	71.191422	1.000000	
8687	-0.203713	-0.964102	0.170318	0.243987	0.118484	0.962513	-0.948141	0.237632	0.211091	-29.910576	377.736891	7.680858	3.600020	3.600641	3.599667	89.974845	89.952998	90.018107	188.725304	0.119927	0.114448	55.743473	0.812500	-27.591386	-257.368623	-299.706113	-257.368623	123.034351	-303.822732	-299.706113	-303.822732	-88.128332	61.238775	64.313243	-201.043279	64.313243	-4.904470	-50.953765	-201.043279	-50.953765	-106.353522	1.000000	
2810	0.663736	0.209828	0.717932	0.592241	-0.733685	-0.333102	0.456842	0.646280	-0.611242	-33.595482	-86.004137	16.456503	3.600222	3.600508	3.600137	89.988271	90.005682	89.994999	138.538856	0.050354	0.059119	76.348869	0.837838	20.927276	-93.570165	82.348743	-93.570165	105.740248	8.918240	82.348743	8.918240	30.844519	211.475581	-85.175678	89.829049	-85.175678	65.467423	-15.204718	89.829049	-15.204718	-68.062490	1.000000	
4423	-0.670980	0.207667	0.711800	0.672133	-0.234999	0.702149	0.313085	0.949553	0.018100	60.326153	-62.111775	-17.672171	3.600738	3.600812	3.600593	90.005181	89.996669	89.994004	96.783254	0.057483	0.057812	72.795257	1.000000	101.922802	-4.405452	-51.016474	-4.405452	184.284976	1.237157	-51.016474	1.237157	225.610657	32.736968	-64.475650	-141.763253	-64.475650	-84.354575	5.799199	-141.763253	5.799199	134.014848	1.000000	
8807	0.620641	0.764352	-0.174844	-0.248282	-0.019938	-0.968483	-0.743748	0.644490	0.177401	390.427496	-50.871667	0.243453	3.601238	3.600558	3.600773	89.991162	90.004476	89.983427	50.760827	0.057315	0.049893	118.101092	1.000000	326.923863	-83.287771	-120.978765	-83.287771	180.415797	-71.230646	-120.978765	-71.230646	122.806191	13.664077	-91.480005	42.085577	-91.480005	56.310432	-127.613615	42.085577	-127.613615	-101.094435	1.000000	
9336	0.412298	0.021657	0.910792	0.610706	-0.748421	-0.258658	0.676054	0.662870	-0.321799	-88.747231	372.002097	19.005495	3.600711	3.600898	3.600673	89.994194	89.994553	89.991559	37.905275	0.060817	0.048760	121.300082	1.000000	200.066279	-33.568338	78.264203	-33.568338	135.361326	-48.186215	78.264203	-48.186215	215.183226	55.892736	-90.141840	64.226803	-90.141840	-105.650546	-53.745694	64.226803	-53.745694	7.128188	1.000000	
5232	-0.503350	0.303960	0.808855	0.757704	-0.294706	0.582266	0.415360	0.905956	-0.081972	133.977052	441.804654	-5.618333	3.600813	3.600891	3.600761	89.996515	89.998642	89.995530	40.373507	0.053575	0.045941	134.415948	1.000000	183.875926	7.944719	20.122962	7.944719	177.531681	35.764466	20.122962	35.764466	239.830308	102.258068	145.861632	38.735784	145.861632	-12.325783	-4.820981	38.735784	-4.820981	-57.632270	1.000000	
1740	0.418485	0.812971	0.404905	0.508491	0.159670	-0.846133	-0.752534	0.559985	-0.346569	-394.676085	-45.747254	49.746251	3.600642	3.600980	3.600348	90.002839	89.997133	89.996365	127.042499	0.056456	0.059778	63.587706	0.898649	213.017577	67.155421	32.383522	67.155421	84.776092	14.310864	32.383522	14.310864	166.134747	257.231361	139.481637	-48.014329	139.481637	4.172368	70.506973	-48.014329	70.506973	58.888870	1.000000	
3729	-0.073650	0.343188	0.936375	0.505551	-0.796494	0.331684	0.859647	0.497814	-0.114837	309.195204	9.223912	13.327800	3.600833	3.600428	3.600601	89.992651	90.004889	89.995910	111.627389	0.050679	0.050493	64.411465	0.972973	179.253489	-40.659776	-10.387576	-40.659776	48.231044	38.262689	-10.387576	38.262689	206.457369	128.889860	-130.580731	19.874784	-130.580731	270.114834	16.264577	19.874784	16.264577	-24.253959	1.000000	
10010	0.389519	0.532490	-0.751485	-0.648825	-0.420450	-0.634230	-0.653683	0.734627	0.181719	437.472806	-42.645489	7.216805	3.600634	3.600951	3.601161	89.994817	89.995382	90.008847	96.136693	0.059807	0.057893	87.837838	0.972222	164.174413	98.142225	21.286112	98.142225	237.973109	-41.093059	21.286112	-41.093059	277.337866	132.584750	144.056220	-17.701268	144.056220	45.422836	-150.643569	-17.701268	-150.643569	-4.982187	1.000000	
9546	-0.082785	-0.867434	0.490618	0.995900	-0.090024	0.008877	0.036467	0.489341	0.871330	-473.076715	-63.263598	37.834590	3.600450	3.600581	3.600933	89.990092	90.015046	89.991253	95.044045	0.054503	0.052624	68.676193	0.993243	104.806029	-130.515551	-1.041071	-130.515551	81.196606	-83.999090	-1.041071	-83.999090	275.838901	-161.744213	29.133522	49.513209	29.133522	1.950078	-248.222641	49.513209	-248.222641	109.399768	1.000000	
6177	-0.723307	0.253593	-0.642275	-0.031311	-0.941212	-0.336362	-0.689816	-0.223183	0.688725	-92.487507	188.104675	10.086865	3.600457	3.600874	3.600756	89.985546	90.006055	89.984102	56.801632	0.057592	0.050769	108.512085	1.000000	-0.340742	135.223845	-2.199258	135.223845	298.129273	12.734754	-2.199258	12.734754	198.368863	-205.473883	222.007985	-18.871436	222.007985	138.671779	56.041326	-18.871436	56.041326	23.732051	1.000000	
7005	-0.326966	-0.634849	0.700043	-0.031083	-0.733133	-0.679375	0.944525	-0.243892	0.219977	-142.858289	335.261767	1.943006	3.600458	3.600533	3.600750	90.004164	89.990088	89.985321	90.358642	0.061411	0.055799	74.538355	1.000000	193.442197	24.683099	11.350822	24.683099	121.330348	-152.397980	11.350822	-152.397980	85.432627	251.138859	128.189486	-77.345649	128.189486	-36.830068	-148.958600	-77.345649	-148.958600	-1.678815	1.000000	
9275	-0.830430	-0.127897	0.542243	-0.264227	0.947281	-0.181226	-0.490478	-0.293771	-0.820445	342.332650	381.151259	14.816003	3.600766	3.601073	3.600938	89.994080	90.001290	90.007433	65.069049	0.065508	0.056159	83.800298	1.000000	189.690664	61.497866	-45.422214	61.497866	276.693598	-32.335644	-45.422214	-32.335644	221.707126	-6.253520	23.404530	33.093095	23.404530	-9.015222	-30.137574	33.093095	-30.137574	-3.393866	1.000000	
8469	0.676083	0.736593	-0.018503	0.289469	-0.288615	-0.912638	-0.677583	0.611664	-0.408349	490.019899	-29.970397	9.126851	3.601016	3.600512	3.600797	90.012322	90.000085	89.999821	113.321484	0.065125	0.058663	75.639496	0.972973	182.834978	100.942634	-29.902385	100.942634	135.485250	49.623026	-29.902385	49.623026	243.804073	98.783031	-103.402352	-35.810599	-103.402352	56.189607	21.044151	-35.810599	21.044151	94.839696	1.000000	
4178	-0.055553	-0.934103	0.352654	0.600121	0.251043	0.759494	-0.797978	0.253827	0.546629	88.152292	486.840785	-5.694417	3.601079	3.600498	3.600200	89.984070	90.008819	89.971035	119.669250	0.058320	0.056479	61.458588	0.831081	38.290079	-272.157146	141.598199	-272.157146	179.889303	-56.449692	141.598199	-56.449692	191.790338	117.370345	-170.624160	27.383307	-170.624160	279.661623	-126.868322	27.383307	-126.868322	-42.691856	1.000000	
361	0.842032	-0.448543	0.299653	0.460268	0.887109	0.034526	-0.281311	0.108849	0.953423	520.570026	-143.148220	-34.256675	3.600552	3.600704	3.600874	90.015913	90.003527	90.009595	95.675107	0.057463	0.053283	73.799704	0.979730	227.200484	-101.046855	37.946296	-101.046855	81.068343	-107.490481	37.946296	-107.490481	200.093652	325.604490	-40.955903	11.345368	-40.955903	-29.543150	-28.983519	11.345368	-28.983519	-62.835688	1.000000	
8891	-0.925966	-0.273667	0.260178	-0.356320	0.861326	-0.362151	-0.124989	-0.428047	-0.895072	149.465556	-302.921645	-8.878018	3.600858	3.600916	3.600895	90.008612	89.998090	89.994453	56.432931	0.059913	0.054315	95.714615	1.000000	239.648570	-58.900354	23.584467	-58.900354	245.297930	51.921288	23.584467	51.921288	172.973774	81.868676	-163.416608	-21.879040	-163.416608	161.786735	-37.060160	-21.879040	-37.060160	-78.184395	1.000000	
273	0.225234	0.062166	0.972320	0.148900	0.984043	-0.097408	-0.962860	0.166718	0.212383	-348.155606	57.691265	3.020192	3.600357	3.600128	3.600277	89.980740	90.007212	89.971211	112.878080	0.060168	0.054150	76.218939	0.885135	49.946389	208.279266	74.595159	208.279266	52.709312	-217.293733	74.595159	-217.293733	25.339386	209.833239	198.250069	-46.579455	198.250069	163.167783	-351.242509	-46.579455	-351.242509	-102.903065	1.000000	
10098	0.022991	0.461763	0.886705	-0.911643	0.373726	-0.170985	-0.410339	-0.804428	0.429556	-296.764958	364.120165	11.192177	3.600480	3.600837	3.600802	89.993672	89.995473	89.993036	39.322715	0.052809	0.043969	105.972621	1.000000	245.177636	-39.638245	-57.873769	-39.638245	85.791541	2.559722	-57.873769	2.559722	174.300217	-93.049962	6.738098	-5.560147	6.738098	83.067426	75.857041	-5.560147	75.857041	-22.097017	1.000000	
5490	-0.626404	0.568907	0.532882	-0.770333	-0.556323	-0.311596	0.119185	-0.605681	0.786731	-613.966537	231.897239	-2.366418	3.600179	3.600883	3.600854	89.990780	90.001065	90.004719	83.378905	0.064302	0.057110	76.491791	0.993243	222.796820	-125.434949	6.866638	-125.434949	88.777467	-10.629824	6.866638	-10.629824	137.213861	127.065235	-83.602523	23.737714	-83.602523	95.630448	-33.299173	23.737714	-33.299173	-61.151125	1.000000	
10437	0.289656	0.179756	-0.940099	-0.956287	0.095584	-0.276367	0.040180	0.979056	0.199585	-221.837021	-6.398475	1.048838	3.600635	3.600959	3.600647	89.994007	90.003063	90.011204	130.345153	0.081182	0.072212	66.701976	0.810811	141.077047	-12.711421	-60.038677	-12.711421	150.685746	91.650994	-60.038677	91.650994	247.199487	136.633418	-30.416569	-123.226618	-30.416569	199.580598	-38.195742	-123.226618	-38.195742	-23.235060	1.000000	
3727	-0.906061	-0.301860	0.296536	-0.347854	0.930371	-0.115788	-0.240937	-0.208062	-0.947977	-101.713454	-222.229307	13.958153	3.600789	3.600664	3.600818	89.991666	89.999061	89.998538	98.298049	0.067820	0.062724	87.762197	1.000000	178.526712	22.694792	21.654455	22.694792	138.168764	-53.787295	21.654455	-53.787295	230.910697	-45.421630	97.872545	-30.861970	97.872545	104.033902	-44.687264	-30.861970	-44.687264	29.438241	1.000000	
9668	-0.935713	0.237013	0.261279	0.023333	0.780626	-0.624563	-0.351990	-0.578315	-0.735972	-507.857160	233.982812	25.274839	3.600668	3.600558	3.600655	89.985707	89.999190	90.007295	120.630490	0.061195	0.059457	74.770353	0.932432	196.146696	52.231605	-60.569639	52.231605	13.437490	5.330871	-60.569639	5.330871	229.427008	186.713516	164.273785	-98.406519	164.273785	-45.219979	183.984706	-98.406519	183.984706	-57.792255	1.000000	
2877	0.550386	0.829152	-0.097887	-0.311213	0.094949	-0.945585	-0.774740	0.550901	0.310301	-333.368131	158.529524	47.251558	3.600917	3.600681	3.599123	89.967244	90.003090	89.983141	135.517321	0.060056	0.060865	59.927576	0.898649	267.786556	-295.192990	-13.325748	-295.192990	-295.181208	-50.919149	-13.325748	-50.919149	144.092637	254.622188	-115.367573	114.501187	-115.367573	60.189000	-81.388857	114.501187	-81.388857	-196.373560	1.000000	
2444	0.744962	0.662529	0.078017	0.012813	0.102716	-0.994628	-0.666984	0.741960	0.068030	-91.664861	-131.678539	27.487352	3.600554	3.600882	3.600834	89.989349	90.006387	90.003666	47.427632	0.060929	0.050802	112.645047	1.000000	138.139208	-21.837926	51.247647	-21.837926	186.480290	-101.431584	51.247647	-101.431584	222.729050	-33.216061	12.903681	35.335817	12.903681	56.502440	-111.251528	35.335817	-111.251528	80.896824	1.000000	
9213	0.937859	0.292558	-0.186628	-0.013052	-0.507689	-0.861441	-0.346771	0.810347	-0.472322	-358.181012	184.324660	-10.955007	3.600880	3.600561	3.600758	90.005534	90.001558	90.002299	79.698171	0.060191	0.051552	87.377185	1.000000	207.009523	35.928831	-18.140670	35.928831	125.916281	37.436913	-18.140670	37.436913	194.674526	-76.429998	-23.472807	34.901494	-23.472807	81.051261	-8.797242	34.901494	-8.797242	84.172947	1.000000	
5928	0.475506	-0.863696	0.167105	-0.804200	-0.503773	-0.315398	0.356590	0.015588	-0.934131	172.422779	-218.905584	3.174978	3.600881	3.600871	3.600808	90.006545	89.998118	90.004973	39.012101	0.055895	0.045809	94.735276	1.000000	269.063733	-35.250317	-36.347922	-35.250317	169.153916	-13.655781	-36.347922	-13.655781	189.550667	34.308580	-53.615430	-52.272160	-53.615430	-58.075880	1.408231	-52.272160	1.408231	-16.729838	1.000000	
6876	-0.264975	0.699978	0.663189	-0.039144	0.679397	-0.732726	-0.963460	-0.220114	-0.152624	14.043675	332.608033	-21.619314	3.600909	3.599981	3.601146	90.014826	89.970733	89.990524	116.288467	0.055129	0.054919	55.101742	0.851351	-113.151306	-120.748928	-138.163805	-120.748928	280.245665	166.860884	-138.163805	166.860884	315.283914	101.974636	70.235840	-167.229532	70.235840	-34.935509	-45.706499	-167.229532	-45.706499	87.449953	1.000000	
10057	-0.199445	0.935155	-0.292757	-0.513285	-0.354194	-0.781719	-0.834721	-0.005643	0.550644	20.639727	429.924896	34.219116	3.600629	3.600603	3.600481	89.986190	90.006176	89.981745	129.719644	0.058657	0.058210	66.357131	0.918919	5.392266	-164.355671	-62.551917	-164.355671	202.390537	22.265304	-62.551917	22.265304	184.761902	-78.626338	-92.668406	-43.161555	-92.668406	280.953984	-58.414973	-43.161555	-58.414973	110.285048	1.000000	
3099	0.484082	0.874903	-0.014479	-0.875021	0.484045	-0.006192	0.001591	0.015667	0.999876	-118.530150	354.158725	29.355543	3.600468	3.598413	3.600337	90.012201	89.986124	89.996972	140.850316	0.074582	0.067551	75.926983	0.854167	-311.392423	-253.360748	-41.523887	-253.360748	-51.974077	-161.898629	-41.523887	-161.898629	62.812137	231.837647	221.022349	-199.262834	221.022349	710.715550	-76.649501	-199.262834	-76.649501	-538.562802	1.000000	
3925	0.920464	0.110626	-0.374844	0.084711	-0.992775	-0.084978	-0.381536	0.046466	-0.923185	-395.815898	-39.027416	-21.303821	3.600652	3.600769	3.600415	90.008553	89.986713	89.986485	115.786545	0.055971	0.055838	67.046339	0.925676	94.748636	-152.195581	-95.596185	-152.195581	150.789039	-34.943754	-95.596185	-34.943754	181.254702	102.294780	-209.799390	64.353750	-209.799390	-0.952456	-174.657228	64.353750	-174.657228	251.896448	1.000000	
9475	-0.765218	-0.134929	0.629472	-0.181500	0.983341	-0.009858	-0.617656	-0.121793	-0.776960	212.445201	92.902966	2.483715	3.600899	3.600776	3.600792	89.999308	90.006042	90.006233	43.115743	0.049305	0.044394	159.712229	1.000000	248.153981	53.696024	-6.256110	53.696024	208.126681	23.340240	-6.256110	23.340240	145.866658	46.571216	99.924969	-8.971426	99.924969	22.574268	2.135522	-8.971426	2.135522	-50.302811	1.000000	
1512	0.083668	-0.996489	-0.002929	-0.849476	-0.069787	-0.522991	0.520951	0.046245	-0.852333	349.648012	-293.899327	-4.931019	3.600303	3.600902	3.600126	90.010391	90.017390	90.009935	106.652795	0.052364	0.050531	82.023810	0.945946	235.510912	-102.445781	-29.069151	-102.445781	-108.076358	-87.670274	-29.069151	-87.670274	158.661934	192.678339	9.130008	37.807415	9.130008	-5.302410	-45.447079	37.807415	-45.447079	-31.219048	1.000000	
4753	-0.092346	-0.608903	0.787851	0.735149	0.491968	0.466394	-0.671587	0.622257	0.402203	496.701690	-27.884629	-17.857748	3.600564	3.600912	3.600864	90.003538	89.995314	89.998465	117.040637	0.057373	0.055315	66.640413	0.871622	241.600629	13.730960	-36.278377	13.730960	194.020667	31.076738	-36.278377	31.076738	131.087271	-180.042107	-61.779826	4.839815	-61.779826	233.443068	-199.849761	4.839815	-199.849761	118.886154	1.000000	
6782	0.845793	-0.164037	0.507668	0.519205	0.471963	-0.712514	-0.122722	0.866223	0.484352	-85.401799	267.056196	-17.621720	3.600653	3.600760	3.600497	90.004841	89.989902	90.014880	115.632616	0.068804	0.060187	73.830308	0.979730	261.996200	-72.407378	-97.234270	-72.407378	37.845924	22.517088	-97.234270	22.517088	147.515537	-94.087415	38.583115	-156.383756	38.583115	264.792195	42.031216	-156.383756	42.031216	83.784370	1.000000	
8475	0.329503	0.875712	0.352925	-0.463805	0.475720	-0.747379	-0.822382	0.082575	0.562911	-229.157588	64.326015	-9.139280	3.600665	3.601105	3.600893	89.983015	89.989624	89.975963	110.079349	0.060586	0.057944	77.964558	0.952703	492.256334	-127.419011	-55.967358	-127.419011	84.786735	-49.473028	-55.967358	-49.473028	79.231275	195.923951	-405.112909	-126.805629	-405.112909	170.831202	83.020413	-126.805629	83.020413	-127.708227	1.000000	
3484	0.275349	0.961233	0.014624	-0.909028	0.265284	-0.321393	-0.312813	0.075201	0.946833	325.785333	84.490490	5.067357	3.600717	3.600574	3.600921	90.010747	90.003404	90.003328	108.157600	0.060911	0.058580	69.030684	0.993243	116.380947	44.494441	-87.041735	44.494441	187.070481	-12.314641	-87.041735	-12.314641	227.453208	-142.360427	142.745969	-163.589340	142.745969	194.385744	-67.565263	-163.589340	-67.565263	93.519843	1.000000	
358	-0.116360	0.017001	0.993062	-0.991601	-0.058829	-0.115182	0.056462	-0.998123	0.023704	335.910641	41.971491	16.083559	3.600993	3.600800	3.600687	90.002569	90.000301	89.994095	53.773786	0.062743	0.054291	92.484747	1.000000	163.738908	13.184339	27.014631	13.184339	251.919147	45.459221	27.014631	45.459221	189.900372	60.638737	14.076532	-31.315675	14.076532	-52.392864	-15.116510	-31.315675	-15.116510	-33.537762	1.000000	
4503	-0.802798	-0.043806	0.594640	0.087865	0.977718	0.190649	-0.589742	0.205300	-0.781061	-375.790616	-233.094705	4.791253	3.600677	3.600895	3.600861	89.990828	89.990602	90.003390	66.605040	0.037146	0.035418	104.765563	1.000000	93.829695	64.143310	15.036333	64.143310	247.574152	-51.748407	15.036333	-51.748407	250.989341	-60.093535	65.480829	41.006909	65.480829	-43.613945	-36.597767	41.006909	-36.597767	75.570648	1.000000	
8994	0.959567	0.056269	-0.275800	-0.276578	0.006382	-0.960970	-0.052312	0.998395	0.021687	307.052770	462.002044	-16.849587	3.600767	3.600966	3.601016	89.999029	90.005363	90.003507	71.191218	0.050423	0.045993	84.458461	1.000000	211.851775	57.757515	-30.518380	57.757515	224.185725	-2.828372	-30.518380	-2.828372	243.994166	-71.434066	-82.708118	-108.486184	-82.708118	55.552061	2.258250	-108.486184	2.258250	59.184399	1.000000	
6105	0.165280	-0.690322	0.704371	-0.679829	-0.597154	-0.425723	0.714503	-0.408489	-0.567998	220.873748	87.871365	2.046657	3.600699	3.600898	3.600881	89.997808	90.004217	90.001485	118.648554	0.057480	0.057231	78.601234	0.925676	193.563301	20.643932	-10.420173	20.643932	173.134682	34.446551	-10.420173	34.446551	238.204863	229.950068	32.870889	50.373521	32.870889	90.447593	-39.779878	50.373521	-39.779878	-17.407681	1.000000	
7969	-0.270530	-0.812092	0.517030	0.486325	-0.578773	-0.654607	0.830844	0.074354	0.551516	-147.863250	-381.953723	-12.544809	3.600623	3.600681	3.600787	90.007483	89.999410	89.983224	48.120585	0.063528	0.055422	117.630238	1.000000	285.843227	-55.642420	-61.558672	-55.642420	34.980141	-59.626418	-61.558672	-59.626418	176.623810	220.367200	-104.325113	-50.124421	-104.325113	-83.825810	-44.083348	-50.124421	-44.083348	-124.070414	1.000000	
5159	0.489480	-0.868279	-0.080633	0.710636	0.450775	-0.540184	0.505378	0.207109	0.837675	294.524186	-162.060475	-9.329218	3.600763	3.600706	3.600924	89.989052	89.988720	90.011992	42.678565	0.062545	0.050991	113.517844	1.000000	267.191266	59.267819	0.402429	59.267819	4.806786	-3.796327	0.402429	-3.796327	309.413254	62.823907	-2.450022	-11.126388	-2.450022	-173.289121	-2.862689	-11.126388	-2.862689	76.080493	1.000000	
10535	0.699224	-0.165997	-0.695364	-0.198888	-0.979439	0.033820	-0.686681	0.114652	-0.717861	-39.417878	36.799993	40.488381	3.600652	3.601188	3.600630	90.004587	89.995773	89.985897	106.920565	0.058903	0.058931	67.538616	0.985714	80.807998	-76.972822	15.574192	-76.972822	346.183761	39.521180	15.574192	39.521180	175.749749	136.943909	-171.856405	-103.993085	-171.856405	-88.240255	15.816253	-103.993085	15.816253	16.520843	1.000000	
7301	-0.958221	-0.279559	0.060491	0.278689	-0.960117	-0.022539	0.064379	-0.004739	0.997914	210.375999	-389.973851	-2.048845	3.600743	3.600932	3.600903	90.007803	89.996101	89.999716	68.037923	0.059439	0.052651	89.042573	1.000000	182.432496	20.992367	-10.662363	20.992367	222.300380	73.742552	-10.662363	73.742552	227.923000	45.688498	34.236722	-52.679893	34.236722	59.716926	47.009645	-52.679893	47.009645	-53.454303	1.000000	
282	0.112073	0.189111	0.975539	0.965732	0.210548	-0.151762	-0.234098	0.959118	-0.159034	494.503520	-248.728150	-17.588343	3.600915	3.601050	3.600595	89.985293	90.002224	90.001959	35.856541	0.058668	0.048329	114.363695	0.993243	185.570444	15.826794	140.520790	15.826794	216.422121	-30.256281	140.520790	-30.256281	225.562968	25.633879	9.355043	75.156357	9.355043	16.233895	-40.657127	75.156357	-40.657127	10.208620	1.000000	
9432	-0.325400	-0.680500	0.656532	0.225869	0.618282	0.752802	-0.918204	0.393251	-0.047485	-5.694882	181.369727	20.761465	3.600923	3.600828	3.600744	89.995908	90.007884	89.998683	82.640500	0.062699	0.054832	84.329244	0.979730	197.548814	-14.816203	65.117900	-14.816203	203.383462	47.698240	65.117900	47.698240	208.858704	77.310923	155.248598	-3.870315	155.248598	94.263021	65.237253	-3.870315	65.237253	-87.967996	1.000000	
9274	-0.005604	0.666209	0.745744	-0.744580	0.495027	-0.447827	-0.667510	-0.557775	0.493272	168.488918	264.823513	-15.946975	3.600884	3.600725	3.600797	90.003358	89.995471	90.004705	39.568449	0.061640	0.052751	110.036784	1.000000	155.590076	-9.950899	8.447397	-9.950899	271.763450	-3.102966	8.447397	-3.102966	157.687447	-23.189871	97.014741	-1.157674	97.014741	172.886593	-7.495413	-1.157674	-7.495413	-115.327311	1.000000	
7164	-0.876825	-0.295886	0.378984	0.172023	-0.929100	-0.327384	0.448983	-0.221865	0.865558	-516.320669	237.230595	24.304904	3.600862	3.600475	3.600821	90.008979	90.010550	89.988215	58.250264	0.057220	0.049293	116.082839	1.000000	332.839381	37.963706	76.422729	37.963706	47.515641	-8.615829	76.422729	-8.615829	135.949968	178.458059	90.357304	115.826025	90.357304	-48.192547	87.035012	115.826025	87.035012	-67.295115	1.000000	
10235	-0.216362	0.943208	-0.252083	-0.780577	-0.322205	-0.535615	-0.586419	0.080884	0.805960	-601.982625	213.302937	3.899618	3.600417	3.600964	3.600530	89.982963	90.010059	89.988569	86.651149	0.058679	0.051691	83.615573	0.972973	104.048874	-198.901562	60.643299	-198.901562	140.944216	-22.258534	60.643299	-22.258534	202.284700	-45.768753	-155.160409	-17.567261	-155.160409	137.337038	-87.665885	-17.567261	-87.665885	-14.329494	1.000000	
3577	-0.856386	-0.176713	0.485155	-0.417348	0.790135	-0.448896	-0.304013	-0.586907	-0.750411	-103.483515	30.836013	-13.712738	3.600479	3.601003	3.600859	90.013679	90.001426	89.993429	70.637271	0.050806	0.044693	92.258598	1.000000	182.743878	-135.407787	20.576323	-135.407787	259.593239	2.031546	20.576323	2.031546	124.397445	58.703738	-64.107018	83.029926	-64.107018	84.005689	54.421025	83.029926	54.421025	-59.894264	1.000000	
9772	-0.136795	0.976137	-0.168650	-0.502913	-0.215113	-0.837141	-0.853443	-0.029700	0.520339	181.122884	456.632819	-20.780128	3.600458	3.600643	3.600961	90.004644	90.012305	89.993527	96.567016	0.066003	0.058867	83.928545	1.000000	145.713015	-6.882105	-89.186272	-6.882105	106.970794	-94.417222	-89.186272	-94.417222	236.847412	88.033417	152.677844	-101.671895	152.677844	37.190281	47.431051	-101.671895	47.431051	44.721210	1.000000	
3937	-0.145498	0.968607	-0.201572	-0.518045	-0.248164	-0.818562	-0.842888	-0.014676	0.537889	-225.803436	337.089847	1.425162	3.600653	3.600911	3.600850	89.994222	89.999957	89.981281	62.227766	0.052191	0.046390	105.485530	1.000000	157.252465	-121.652618	-113.513147	-121.652618	257.436999	5.690431	-113.513147	5.690431	172.361916	-19.718657	-85.003092	-27.229059	-85.003092	99.264961	-73.746977	-27.229059	-73.746977	-49.615985	1.000000	
10110	-0.002238	0.631091	0.775705	-0.966875	0.196626	-0.162759	-0.255240	-0.750374	0.609746	506.397670	-86.648736	23.742170	3.600959	3.600127	3.600180	90.004662	89.984286	90.017851	161.043503	0.065543	0.067136	66.120564	0.805556	-23.442163	-11.062392	12.587893	-11.062392	328.796754	-134.727264	12.587893	-134.727264	-37.049621	309.908198	-120.791740	211.746204	-120.791740	364.147614	-258.101395	211.746204	-258.101395	-243.528910	1.000000	
2624	-0.816876	-0.548756	0.177710	0.576279	-0.789675	0.210512	0.024813	0.274373	0.961303	-242.594375	-141.806087	22.267018	3.600822	3.600742	3.600868	90.004738	90.003879	89.999853	73.447675	0.049773	0.046366	89.106774	1.000000	213.316239	4.221847	51.465643	4.221847	191.652093	17.657045	51.465643	17.657045	187.341571	26.753964	5.178050	-81.563981	5.178050	43.154050	23.016568	-81.563981	23.016568	-14.590106	1.000000	
754	0.231834	0.283204	0.930617	-0.104748	0.958387	-0.265561	-0.967099	-0.035915	0.251852	-19.914753	448.516138	36.087030	3.600932	3.600924	3.600773	89.996841	89.994256	89.986891	64.920770	0.058464	0.052418	87.839637	0.993243	243.755305	46.953047	-83.775649	46.953047	191.832200	-84.128224	-83.775649	-84.128224	211.194189	91.966300	65.103651	-93.240898	65.103651	-15.832194	-29.244587	-93.240898	-29.244587	63.384102	1.000000	
861	0.082517	0.501546	0.861187	0.990983	-0.132826	-0.017597	0.105562	0.854873	-0.507984	23.737546	424.416950	-17.732505	3.600759	3.600801	3.601026	89.995447	90.001784	90.002506	46.700957	0.056856	0.049819	88.740198	1.000000	271.289407	-30.697793	-11.778407	-30.697793	189.745145	-8.938070	-11.778407	-8.938070	173.919485	-82.621463	26.202984	41.865319	26.202984	23.775617	-27.355353	41.865319	-27.355353	-43.264093	1.000000	
10882	-0.282941	0.468458	-0.836953	0.288101	-0.790805	-0.540024	-0.914846	-0.393922	0.088788	205.784178	-311.020679	42.583257	3.600626	3.600681	3.600907	89.995643	90.005410	89.989578	40.844524	0.064962	0.050991	101.200975	1.000000	127.910713	82.023161	-58.331637	82.023161	184.173739	37.387875	-58.331637	37.387875	219.640466	-11.183269	34.765263	-30.091383	34.765263	-12.538209	49.865151	-30.091383	49.865151	-15.180513	1.000000	
2825	-0.696860	-0.715103	-0.054898	-0.676765	0.630296	0.380416	-0.237435	0.302249	-0.923185	222.916235	203.675326	-13.066053	3.600558	3.600748	3.600618	89.996065	90.005031	90.019173	82.875660	0.057356	0.053830	99.652918	1.000000	-13.142934	-32.158233	-10.448226	-32.158233	332.474294	23.941495	-10.448226	23.941495	131.955029	-74.972454	-104.448682	28.482940	-104.448682	182.105577	-37.548140	28.482940	-37.548140	-115.817930	1.000000	
9837	-0.057224	-0.721190	0.690369	0.989243	0.052285	0.136616	-0.134622	0.690761	0.710441	442.724796	-148.438958	-26.295060	3.601022	3.600416	3.600988	89.986424	90.011138	89.986653	91.418003	0.065924	0.059220	75.942632	1.000000	63.389374	-151.047556	94.805038	-151.047556	242.919960	20.860027	94.805038	20.860027	284.264437	-71.806554	-13.374274	85.795586	-13.374274	86.121513	83.521961	85.795586	83.521961	89.903013	1.000000	
6348	-0.872370	0.170308	0.458220	-0.371471	-0.840271	-0.394909	0.317773	-0.514722	0.796292	328.031837	391.497899	27.341593	3.600900	3.601563	3.600614	89.993166	89.991115	90.005164	82.690628	0.060066	0.051425	72.905675	0.979730	171.474143	-55.651905	-116.386553	-55.651905	374.017240	47.628244	-116.386553	47.628244	225.638697	128.384510	-227.618524	-1.106230	-227.618524	38.178331	-57.372211	-1.106230	-57.372211	-86.357264	1.000000	
10520	0.191664	0.271053	-0.943290	-0.017241	-0.960030	-0.279366	-0.981309	0.069808	-0.179330	104.133922	294.419986	-24.377412	3.600990	3.600869	3.599524	90.032073	90.015338	89.998679	150.903281	0.070576	0.071873	71.331128	0.885135	75.088727	-328.039325	-159.719298	-328.039325	33.260328	-87.217237	-159.719298	-87.217237	192.283796	93.623511	-240.848556	30.762506	-240.848556	134.378437	101.712876	30.762506	101.712876	-57.596219	1.000000	
3848	0.294175	-0.529028	0.795984	-0.556559	0.582237	0.592657	-0.776983	-0.617357	-0.123156	398.531991	163.487428	11.653698	3.600911	3.600828	3.600843	89.997439	90.001356	89.996997	53.734782	0.062165	0.055606	103.494980	1.000000	174.390019	16.992613	-1.471395	16.992613	217.094317	1.679879	-1.471395	1.679879	242.468065	72.159966	67.966464	88.337727	67.966464	-89.031627	-21.348100	88.337727	-21.348100	-11.884263	1.000000	
8043	-0.856942	-0.512129	0.058085	0.275075	-0.359130	0.891830	-0.435872	0.780224	0.448627	256.584269	-163.284379	-28.301430	3.600806	3.600864	3.600357	89.985041	89.992459	89.989074	106.341682	0.063924	0.059863	69.033016	0.959459	269.287568	-99.210326	-103.197660	-99.210326	28.726524	33.291261	-103.197660	33.291261	181.607745	358.170969	-159.411047	-40.912140	-159.411047	-85.583310	170.629558	-40.912140	170.629558	-150.288098	1.000000	
10623	0.421753	-0.079124	0.903252	0.180232	-0.968991	-0.169038	0.888618	0.234087	-0.394413	387.422096	167.054038	7.587705	3.601118	3.600701	3.600706	90.007649	90.003884	90.029351	56.078828	0.055958	0.054285	121.172489	1.000000	189.538953	171.361230	-2.208266	171.361230	240.341570	213.083691	-2.208266	213.083691	188.042592	-17.642887	218.196758	20.020756	218.196758	-20.522760	211.661700	20.020756	211.661700	-8.706239	1.000000	
4296	0.544707	0.236970	-0.804450	-0.187581	-0.900515	-0.392283	-0.817378	0.364579	-0.446066	87.308790	-330.847230	10.256367	3.600906	3.600715	3.600809	90.002681	90.004039	89.994445	35.533996	0.058843	0.049527	125.714300	1.000000	255.905965	-35.679292	-19.304345	-35.679292	171.450229	24.778922	-19.304345	24.778922	164.589277	46.413117	-68.749945	36.923010	-68.749945	0.278780	68.324149	36.923010	68.324149	-102.626548	1.000000	
2311	-0.862602	0.032495	0.504838	-0.492741	0.172019	-0.853004	-0.114560	-0.984558	-0.132372	36.546555	-446.860658	-16.050143	3.600799	3.600821	3.600650	89.995156	89.997664	90.004382	56.608557	0.059548	0.051271	98.990284	1.000000	169.458990	36.594347	-49.813839	36.594347	175.483543	14.376180	-49.813839	14.376180	202.336648	25.188267	-3.722506	7.228235	-3.722506	32.858152	-0.775587	7.228235	-0.775587	-36.254045	1.000000	
780	-0.145428	0.764479	0.628031	0.411862	0.623941	-0.664129	-0.899567	0.162079	-0.405598	328.055483	-292.735440	-19.287344	3.600828	3.599862	3.599299	89.982168	90.018783	89.995974	199.684109	0.076628	0.082273	57.707172	0.804054	49.469227	-19.237868	100.421171	-19.237868	-110.714137	-285.573420	100.421171	-285.573420	-25.106716	-76.957160	-258.493275	5.604142	-258.493275	-78.171421	7.137362	5.604142	7.137362	0.533296	1.000000	
3225	0.894957	0.387144	-0.221747	-0.034529	-0.435426	-0.899562	-0.444814	0.812726	-0.376320	-51.051279	-113.997163	9.726686	3.600600	3.600428	3.600766	89.987090	89.995443	90.007873	124.699019	0.071187	0.065953	86.037734	0.966216	51.192678	-15.157574	-95.490932	-15.157574	255.721563	-26.411340	-95.490932	-26.411340	107.949357	-341.429538	69.494206	30.698328	69.494206	290.714531	7.625636	30.698328	7.625636	52.739710	1.000000	
2849	-0.651121	0.202510	0.731458	-0.578345	0.491704	-0.650957	-0.491486	-0.846886	-0.203038	-16.014719	-351.954606	17.147864	3.600636	3.600921	3.600748	89.995878	90.002440	90.004156	109.775132	0.059495	0.056372	73.027086	0.952703	209.306218	17.060241	-53.558694	17.060241	162.797326	-30.961640	-53.558694	-30.961640	184.906330	232.468412	207.479638	52.490618	207.479638	82.872453	-99.009928	52.490618	-99.009928	-127.306744	1.000000	
2652	0.429023	0.890463	0.151704	-0.358795	0.322119	-0.876074	-0.828978	0.321425	0.457691	0.732272	-506.440472	-6.944452	3.600444	3.600416	3.600594	90.014384	90.013406	90.014327	142.173362	0.058330	0.057967	58.639311	0.831081	-54.475499	157.005553	10.182453	157.005553	152.970406	-18.674382	10.182453	-18.674382	221.937531	-269.858968	152.289649	127.313288	152.289649	166.423663	142.657056	127.313288	142.657056	208.912150	1.000000	
2009	-0.906214	-0.325275	-0.270134	0.055874	-0.725411	0.686044	-0.419111	0.606609	0.675552	444.646217	-333.412000	27.739628	3.601529	3.600344	3.600908	89.979699	89.993678	89.997875	126.295970	0.069136	0.064413	69.080762	0.945946	418.603712	-73.835098	-6.702760	-73.835098	-31.156763	44.311615	-6.702760	44.311615	301.559241	332.909131	-13.734722	-73.379845	-13.734722	-37.731641	16.127773	-73.379845	16.127773	-62.807137	1.000000	
2735	-0.741203	-0.658910	-0.128279	-0.374926	0.247838	0.893312	-0.556820	0.710221	-0.430741	-89.600754	-345.932888	-4.590078	3.600874	3.600743	3.600599	89.994515	90.007198	89.997849	76.220716	0.065746	0.052997	77.970843	0.986486	212.468568	24.757593	-5.513029	24.757593	211.618750	61.768701	-5.513029	61.768701	108.219503	124.247676	-40.107472	-12.990700	-40.107472	232.634821	179.260452	-12.990700	179.260452	-71.039956	1.000000	
4596	-0.321331	-0.412303	0.852498	0.899878	0.147400	0.410478	-0.294900	0.899043	0.323659	-261.901641	-334.414417	8.527455	3.600576	3.600955	3.600719	90.007336	89.998567	89.999267	34.783181	0.058982	0.048842	101.449014	1.000000	218.818727	15.529195	-74.060238	15.529195	144.459729	-0.477611	-74.060238	-0.477611	178.329243	-16.221335	-4.970490	-71.963848	-4.970490	18.244253	-62.195679	-71.963848	-62.195679	-8.733575	1.000000	
9067	0.428113	0.451686	0.782751	0.557437	-0.813723	0.164678	0.711325	0.365834	-0.600152	-31.812223	168.419000	31.685987	3.600480	3.601306	3.600775	89.996381	90.015187	90.006154	107.944859	0.060333	0.057263	67.780793	0.972973	115.271369	-153.541228	-65.444390	-153.541228	275.650941	-10.104767	-65.444390	-10.104767	237.122322	73.160341	-77.822561	-6.014928	-77.822561	25.792812	-92.979670	-6.014928	-92.979670	-32.651274	1.000000	
5966	-0.509153	0.146996	-0.848030	-0.063953	-0.989045	-0.133042	-0.858296	-0.013505	0.512976	270.432212	23.222273	-14.047873	3.600768	3.600501	3.600529	89.991444	89.998792	89.997686	103.592507	0.064020	0.058629	75.651432	0.932432	123.683594	75.715793	38.030043	75.715793	134.310770	-16.189090	38.030043	-16.189090	158.230297	152.519052	109.825791	191.431109	109.825791	7.025698	54.031286	191.431109	54.031286	118.471713	1.000000	
6484	0.748691	-0.154183	0.644740	0.494742	0.777304	-0.388625	-0.441239	0.609939	0.658241	314.882571	478.509208	-1.986678	3.600385	3.601033	3.601482	90.014575	89.998681	90.030299	159.674972	0.079989	0.071876	57.772283	0.804054	307.446047	-302.792627	-60.950838	-302.792627	102.868111	-10.939627	-60.950838	-10.939627	311.576707	-218.506404	-300.267935	-235.586307	-300.267935	159.161963	-60.705285	-235.586307	-60.705285	147.168944	1.000000	
3748	0.967439	-0.238846	0.083751	-0.053049	-0.514894	-0.855611	0.247483	0.823308	-0.510799	-335.672087	-62.047899	4.296787	3.600878	3.600613	3.600728	90.012874	90.001436	90.004518	66.791107	0.059077	0.050894	91.674081	1.000000	232.339792	5.397797	-28.340200	5.397797	63.748029	71.623371	-28.340200	71.623371	236.931764	20.303186	22.135327	15.957335	22.135327	-158.638273	124.796605	15.957335	124.796605	-13.317657	1.000000	
10197	-0.264166	-0.331013	0.905896	0.635788	0.646525	0.421640	-0.725252	0.687340	0.039665	230.091250	210.257271	14.571437	3.600173	3.600501	3.600933	90.007542	89.998594	90.017104	111.228107	0.056580	0.055676	74.302031	0.993056	211.103602	94.444330	-70.145834	94.444330	-56.125216	24.495277	-70.145834	24.495277	208.151901	80.002515	18.967088	-4.448717	18.967088	103.835328	107.903666	-4.448717	107.903666	-95.976654	1.000000	
1489	0.692895	-0.076637	0.716954	0.673286	-0.287072	-0.681378	0.258036	0.954839	-0.147312	-498.956862	60.888971	28.005019	3.600803	3.600597	3.599945	89.994590	90.002819	90.004154	123.703435	0.062053	0.060119	79.660149	0.831081	46.640593	116.692914	36.896275	116.692914	134.954185	-50.804461	36.896275	-50.804461	108.601580	136.230229	-207.183812	39.155548	-207.183812	54.974747	-48.198250	39.155548	-48.198250	-147.576986	1.000000	
1295	-0.881368	0.014299	0.472214	-0.252982	-0.858439	-0.446187	0.398987	-0.512716	0.760218	-161.402887	182.391061	-7.934893	3.600698	3.600887	3.600799	90.010105	90.006051	89.979809	89.855427	0.058252	0.052915	85.563581	0.993243	210.553419	147.972275	136.182510	147.972275	207.388261	33.080415	136.182510	33.080415	160.657725	280.694210	187.373770	36.828772	187.373770	-38.971439	-22.306476	36.828772	-22.306476	-32.179672	1.000000	
2366	0.562341	-0.016828	0.826734	-0.633839	0.633316	0.444026	-0.531056	-0.773710	0.345474	-402.828221	-48.089659	-19.355004	3.600737	3.600536	3.600612	90.004949	90.003945	90.001617	60.892836	0.062501	0.054558	86.144922	1.000000	122.694596	-30.117790	31.725607	-30.117790	154.093128	40.938404	31.725607	40.938404	163.449679	-112.777690	-58.954779	-53.150939	-58.954779	98.078971	-48.244857	-53.150939	-48.244857	31.765754	1.000000	
4978	0.420771	-0.896062	0.141506	0.793527	0.287964	-0.536089	0.439621	0.337860	0.832216	109.948866	231.313757	31.467184	3.600261	3.601177	3.600485	89.988151	89.994044	90.019520	134.546731	0.067680	0.065526	67.282687	0.804054	358.568044	78.189398	-77.509136	78.189398	-70.300496	-42.108642	-77.509136	-42.108642	162.423907	64.726136	271.700608	-51.432597	271.700608	-85.429413	122.465000	-51.432597	122.465000	144.365374	1.000000	
5889	0.207754	-0.100392	0.973016	0.953868	0.241194	-0.178780	-0.216737	0.965270	0.145870	61.232441	-324.171100	-4.710270	3.600796	3.600753	3.600472	89.989689	89.997867	89.993385	99.029968	0.064536	0.056325	73.207977	0.972973	95.453972	52.646179	81.036650	52.646179	202.227730	40.681888	81.036650	40.681888	180.404892	66.349553	-1.517190	2.025098	-1.517190	226.423318	51.724151	2.025098	51.724151	-98.396017	1.000000	
6020	-0.632294	0.759581	0.152449	0.411324	0.495891	-0.764791	-0.656518	-0.420867	-0.625983	-389.055200	178.361575	-11.536822	3.600548	3.600273	3.600544	89.998719	89.986791	89.986138	123.683628	0.060258	0.060626	68.466914	0.986486	-55.479894	28.547304	24.457847	28.547304	73.382112	-16.590026	24.457847	-16.590026	278.013036	14.208237	210.484088	-78.568217	210.484088	319.937511	38.110583	-78.568217	38.110583	-80.633360	1.000000	
9265	-0.003487	-0.970292	0.241911	0.475591	0.211193	0.853938	-0.879659	0.118029	0.460726	-404.285911	257.244392	18.754314	3.600495	3.600747	3.600711	89.994701	90.009175	89.986510	66.377711	0.057514	0.053802	108.483412	1.000000	158.369402	-101.285717	96.939994	-101.285717	131.930766	61.940169	96.939994	61.940169	168.850712	-92.373159	-209.439404	100.049557	-209.439404	14.848530	20.019665	100.049557	20.019665	-37.698861	1.000000	
8894	0.876561	0.476913	0.064761	0.455767	-0.779292	-0.430093	-0.154649	0.406518	-0.900459	62.174719	-443.789745	26.607745	3.600347	3.600435	3.600925	89.986195	89.990285	90.004897	118.369241	0.056373	0.057801	80.389084	0.945946	56.083767	-53.869773	-133.061524	-53.869773	190.942589	75.701690	-133.061524	75.701690	143.543313	-23.454591	-59.985392	-122.346519	-59.985392	291.607929	83.731346	-122.346519	83.731346	-86.988522	1.000000	
2402	-0.636654	-0.506683	0.581330	0.508128	-0.842688	-0.177994	0.580066	0.182069	0.793961	-373.834932	-39.563097	37.289514	3.600589	3.600685	3.600661	89.984525	89.992550	90.017758	109.071310	0.060186	0.057237	67.216889	0.986111	-78.341738	-61.261674	19.324944	-61.261674	316.893225	-20.756373	19.324944	-20.756373	215.408258	-173.190926	102.957445	13.401223	102.957445	215.373863	-19.904426	13.401223	-19.904426	118.077648	1.000000	
7206	0.252298	0.107470	0.961663	0.868964	-0.462406	-0.176302	0.425731	0.880131	-0.210051	-36.108276	475.500694	-9.281825	3.601079	3.600309	3.600532	90.014733	90.002670	90.001865	114.810015	0.057157	0.052466	72.482625	0.932432	90.142114	77.930919	-108.148843	77.930919	220.648974	85.654928	-108.148843	85.654928	138.937710	-5.942787	-79.350311	-287.727115	-79.350311	173.601630	80.409113	-287.727115	80.409113	-65.612521	1.000000	
8759	-0.306673	-0.726679	0.614727	-0.313764	0.686928	0.655501	-0.898612	0.008145	-0.438668	-64.720461	21.156007	-15.491749	3.600678	3.600790	3.600892	89.992532	90.001193	90.012919	48.620254	0.054650	0.045126	105.356003	0.993243	94.813812	7.091709	-64.085284	7.091709	312.300936	38.400856	-64.085284	38.400856	165.007317	-51.208475	-103.127443	-100.405025	-103.127443	110.784167	53.617928	-100.405025	53.617928	-9.564254	1.000000	
