Orientation: O[row][col]

Sp_ID O[0][0] O[0][1] O[0][2] O[1][0] O[1][1] O[1][2] O[2][0] O[2][1] O[2][2] X Y Z a b c alpha beta gamma Err1 Err2 Err3 MeanRadius Confidence 
5830 -0.050792 0.164408 -0.985084 -0.190611 0.966630 0.171156 0.980351 0.196461 -0.017759 227.795267 -197.427718 36.326821 3.611884 3.614495 3.614295 90.094602 90.018458 89.991342 69.014365 0.134245 0.082139 221.544755 0.916667 
5841 -0.053182 -0.375742 -0.925197 -0.400538 0.856738 -0.324915 0.914736 0.353297 -0.196062 -66.590779 379.558720 17.103298 3.615340 3.616219 3.614917 90.011651 89.986334 89.929908 56.201229 0.031261 0.032828 280.077896 0.916667 
5844 -0.052559 0.425522 -0.903420 -0.915913 -0.381027 -0.126183 -0.397921 0.820822 0.409768 -263.714433 380.799034 7.083774 3.615132 3.616305 3.616701 90.017359 90.021821 90.000608 41.531322 0.026730 0.021603 222.744989 0.916667 
5846 -0.040527 0.013023 0.999094 0.997615 0.056451 0.039731 -0.055882 0.998320 -0.015279 100.291562 354.682855 20.526649 3.613464 3.612104 3.608344 89.943314 90.262723 90.238070 111.835719 0.092603 0.134580 115.528938 0.750000 
5851 -0.040602 0.134499 0.990082 0.418574 0.902049 -0.105375 -0.907275 0.410144 -0.092923 -365.080092 -389.676135 9.856326 3.615491 3.618548 3.613421 89.977768 90.028771 90.001739 58.574518 0.051046 0.040275 124.534606 0.750000 
5852 -0.063364 0.572974 -0.817121 -0.992634 -0.120897 -0.007800 -0.103257 0.810608 0.576414 129.856328 372.690144 58.264274 3.613703 3.609673 3.611772 89.947014 90.181091 89.958365 159.388095 0.056850 0.122425 80.901642 0.750000 
5853 -0.062654 -0.140374 -0.988114 -0.896595 0.442811 -0.006056 0.438398 0.885558 -0.153602 268.229728 -226.808135 -4.729405 3.617337 3.616909 3.618215 89.982192 90.066964 90.012804 29.989337 0.023237 0.016445 92.336226 0.750000 
5860 -0.062547 0.631768 -0.772630 -0.762575 0.469175 0.445370 0.643869 0.617045 0.452424 221.970700 248.420629 14.637806 3.615731 3.614091 3.614333 90.011345 89.999144 89.991457 21.128562 0.023671 0.021603 255.449624 0.916667 
5866 -0.046867 -0.961723 0.269987 0.333608 -0.269835 -0.903269 0.941546 0.047736 0.333485 -228.416278 -332.563257 30.166763 3.614672 3.617749 3.616485 90.051914 90.036408 89.976313 32.456146 0.050807 0.056710 100.233502 0.750000 
5868 -0.035901 -0.947994 -0.316258 0.839527 0.143065 -0.524144 0.542131 -0.284324 0.790730 179.966429 -273.397892 -36.092664 3.620716 3.613292 3.615560 89.971002 90.114817 89.902461 124.017778 0.154851 0.121513 159.330798 0.750000 
5871 -0.030505 -0.998120 -0.053158 0.997848 -0.027322 -0.059601 0.058037 -0.054862 0.996806 155.233967 -15.071388 9.374214 3.614771 3.615119 3.618362 89.986046 90.044519 89.993447 105.825765 0.043113 0.042130 237.560533 0.875000 
5876 -0.063175 0.865899 0.496213 -0.701881 0.314919 -0.638897 -0.709487 -0.388645 0.587863 372.683546 447.560316 37.792240 3.611083 3.612670 3.613830 90.069526 90.012992 89.984383 128.356112 0.097481 0.080700 165.512100 0.750000 
5878 -0.065841 0.853857 -0.516326 -0.768312 -0.373548 -0.519768 -0.636680 0.362478 0.680623 -179.986512 -401.907258 35.492892 3.615011 3.614288 3.611184 90.072059 90.034779 90.027840 80.714196 0.060711 0.048284 272.498183 1.000000 
5881 -0.068688 0.262518 -0.962479 -0.784339 0.581988 0.214713 0.616517 0.769659 0.165928 -174.988755 -156.469749 25.099449 3.612777 3.612769 3.614490 90.135331 90.023234 90.006829 35.126213 0.038935 0.030735 206.295799 0.833333 
5884 -0.026770 -0.247358 0.968554 0.923053 0.365823 0.118939 -0.383740 0.897211 0.218531 -265.279000 298.301203 18.559857 3.614074 3.616347 3.613088 89.999429 90.082471 89.970579 45.537385 0.045108 0.041817 102.597270 0.916667 
5885 -0.034280 0.174519 0.984057 0.656914 0.745985 -0.109414 -0.753186 0.642690 -0.140217 220.870111 51.933179 31.969690 3.612725 3.613251 3.612342 90.059464 90.087016 89.995985 24.225871 0.059574 0.051066 242.372443 0.833333 
5890 -0.070894 0.419244 -0.905102 -0.953781 -0.294134 -0.061536 -0.292019 0.858906 0.420719 -95.578825 239.848443 11.698644 3.616332 3.612945 3.614463 90.040192 90.035929 90.034831 74.983898 0.085107 0.061135 312.465218 1.000000 
5892 -0.032247 -0.694493 0.718777 0.739341 -0.500498 -0.450419 0.672559 0.516896 0.529606 20.044406 -340.994694 12.416985 3.616355 3.616206 3.617079 89.979819 89.989798 90.065338 35.119244 0.053282 0.047251 174.989673 1.000000 
5894 -0.023470 -0.729869 0.683184 0.992463 0.065205 0.103755 -0.120275 0.680470 0.722838 341.843989 -162.122134 11.161795 3.616309 3.618713 3.613027 90.009835 90.118017 89.960406 46.314728 0.066457 0.071014 136.553945 0.833333 
5902 -0.080149 0.707396 -0.702259 -0.906029 0.242014 0.347189 0.415556 0.664094 0.621524 31.212154 -219.268443 13.401887 3.615779 3.614765 3.614946 90.027562 90.009474 89.972547 20.227155 0.058379 0.048282 297.597922 1.000000 
5906 -0.082116 -0.119770 -0.989400 -0.766914 0.641597 -0.014017 0.636474 0.757634 -0.144539 209.860028 229.208983 4.877569 3.612848 3.615046 3.607828 89.949041 90.124926 90.013987 39.366111 0.069130 0.054597 295.329525 0.833333 
5910 -0.039539 -0.873356 -0.485475 0.346598 0.443703 -0.826437 0.937180 -0.200941 0.285160 356.487568 234.618164 12.488001 3.614427 3.614821 3.614789 90.055328 89.988062 89.965880 72.483346 0.056715 0.046114 70.738346 0.916667 
5911 -0.015838 -0.187503 0.982136 0.810268 0.573118 0.122482 -0.585846 0.797733 0.142851 417.428589 -65.848993 6.802018 3.610711 3.614070 3.607364 90.095382 90.176354 90.000820 47.978621 0.051612 0.045334 80.799971 0.750000 
5928 0.000504 -0.995409 0.095716 0.999336 0.003989 0.036226 -0.036442 0.095634 0.994749 -360.295738 166.893284 -113.015145 3.609364 3.620238 3.620649 90.254668 90.072059 89.790620 88.664240 0.086148 0.100224 93.761558 0.750000 
5942 -0.001019 -0.065020 0.997883 0.874829 0.483347 0.032387 -0.484430 0.873011 0.056389 -187.943860 52.235921 29.830279 3.614731 3.618139 3.604166 90.049756 90.192088 89.977416 44.979014 0.085788 0.064747 324.539392 0.833333 
5943 -0.007655 0.138648 0.990312 0.711287 0.696847 -0.092063 -0.702860 0.703691 -0.103953 -165.843649 308.914239 30.055749 3.613554 3.614381 3.611132 90.085874 90.091301 90.001493 31.908241 0.058809 0.049495 132.208511 0.750000 
5944 -0.103805 0.749946 -0.653304 -0.976376 -0.201994 -0.076737 -0.189512 0.629904 0.753197 326.677371 -99.639738 44.569806 3.612204 3.612552 3.609584 90.024876 90.143405 89.903947 45.557894 0.092213 0.073726 80.243783 0.833333 
5956 -0.107924 0.086824 -0.990360 -0.993170 -0.053853 0.103509 -0.044347 0.994767 0.092043 -284.006907 -26.482366 55.822483 3.612658 3.617801 3.613108 90.095903 90.093882 90.076634 73.668914 0.129647 0.134582 101.833216 0.875000 
5977 -0.120791 0.783142 -0.609998 -0.969381 -0.225406 -0.097431 -0.213800 0.579551 0.786390 -312.011434 447.500195 34.065416 3.612415 3.613932 3.614403 89.977135 90.027619 89.839875 41.147635 0.096938 0.078842 336.352313 1.000000 
5979 0.009185 0.550266 0.834939 0.706196 0.587582 -0.395013 -0.707957 0.593259 -0.383198 -279.327497 -279.792689 22.426295 3.612107 3.613942 3.613579 90.032302 90.028857 89.993158 30.561569 0.049455 0.043941 169.122904 0.916667 
5983 -0.106783 0.148889 -0.983071 -0.679659 0.710727 0.181467 0.725714 0.687531 0.025300 -172.644396 44.581750 13.271189 3.614246 3.614567 3.608211 90.024127 89.974027 90.010074 23.880700 0.035653 0.028853 170.096812 0.750000 
5987 -0.119288 0.621421 -0.774343 -0.802379 0.399013 0.443820 0.584772 0.674259 0.451018 138.719040 101.581640 19.702679 3.612658 3.608292 3.614733 90.193371 89.931177 90.091288 26.786195 0.043194 0.040211 185.320626 0.833333 
5989 -0.133984 0.895526 -0.424360 -0.972260 -0.201639 -0.118545 -0.191728 0.396705 0.897700 409.586246 333.960990 22.587159 3.614073 3.614188 3.614780 90.018227 90.030174 90.036381 47.847926 0.078287 0.048220 147.128876 0.916667 
5993 0.012327 -0.834275 -0.551210 0.793003 0.343945 -0.502839 0.609092 -0.430913 0.665823 200.638244 -339.415461 13.785735 3.614682 3.613851 3.616763 90.014052 90.037953 89.982290 58.270906 0.061466 0.048665 495.328014 0.833333 
5994 0.007807 -0.816270 -0.577617 0.674912 0.430526 -0.599283 0.737857 -0.385162 0.554272 -93.897533 -255.913755 19.309185 3.615500 3.614874 3.612949 90.050269 90.027569 89.984748 28.141251 0.025214 0.020476 192.085142 0.833333 
5996 -0.023210 -0.985383 -0.168766 0.323668 0.152313 -0.933831 0.945886 -0.076299 0.315402 -275.856793 -309.732364 20.943851 3.613899 3.615382 3.613702 90.092336 89.994450 89.960793 67.722421 0.037502 0.034239 136.287623 0.750000 
5999 -0.139481 0.840866 -0.522962 -0.977777 -0.033477 0.206959 0.156517 0.540207 0.826849 370.431326 396.814802 22.117380 3.610025 3.614601 3.617018 89.912352 90.093316 89.915797 40.964716 0.104539 0.073699 129.389498 0.916667 
6001 0.016929 0.550127 0.834909 0.667096 0.615787 -0.419273 -0.744779 0.564063 -0.356563 177.413099 -412.576051 38.740484 3.609441 3.611413 3.613828 90.096109 90.155987 90.040932 70.538952 0.080653 0.080354 88.117964 0.916667 
6010 0.015301 -0.132080 0.991121 0.631859 0.769509 0.092792 -0.774932 0.624829 0.095231 -157.779962 396.109857 44.681009 3.614743 3.613608 3.609290 90.113086 90.104528 89.997522 41.741146 0.064739 0.051143 83.359597 0.750000 
6015 0.049021 -0.673784 0.737301 0.969406 0.209857 0.127325 -0.240517 0.708503 0.663457 119.915853 -109.728301 32.452879 3.612949 3.614362 3.612665 90.038602 90.108703 89.957935 29.615475 0.049829 0.047714 155.935615 0.916667 
6016 0.039492 -0.673736 0.737916 0.875912 0.378725 0.298908 -0.480852 0.634544 0.605090 372.782726 39.985168 30.247211 3.613223 3.614994 3.614023 90.045849 90.082144 89.956016 44.829558 0.043975 0.037089 207.633198 0.833333 
6020 0.044766 -0.970496 0.236926 0.971855 -0.012600 -0.235242 0.231287 0.240789 0.942617 -317.450842 -277.325302 1.118251 3.616151 3.617305 3.616016 89.999131 90.027953 89.903828 56.476478 0.064486 0.035449 209.550895 0.916667 
6026 -0.140778 0.485200 -0.862996 -0.815150 0.437902 0.379173 0.561883 0.756850 0.333864 346.458237 99.458081 36.989358 3.610673 3.612236 3.609604 89.950079 90.034206 90.022816 73.041767 0.054497 0.049524 93.742209 0.916667 
6029 -0.004018 0.682289 0.731072 0.388494 0.674717 -0.627559 -0.921442 0.281496 -0.267776 65.720610 -325.332234 11.659341 3.614451 3.614556 3.612902 90.028025 90.041446 90.051734 50.774767 0.094425 0.062749 303.197427 0.750000 
6032 0.034589 -0.962627 -0.268612 0.758016 0.200431 -0.620677 0.651318 -0.182144 0.736619 -326.742317 -403.828956 9.007314 3.615405 3.614899 3.614514 90.036925 90.043076 90.017131 40.509587 0.098818 0.073371 295.716526 0.916667 
6036 -0.012335 0.262573 0.964833 0.290917 0.924109 -0.247770 -0.956669 0.277631 -0.087786 220.546252 438.178333 14.318058 3.617919 3.613736 3.605027 89.945897 90.001992 90.032381 53.754029 0.044751 0.044396 84.170978 0.750000 
6039 0.029931 -0.911824 -0.409490 0.696316 0.312934 -0.645923 0.717111 -0.265801 0.644284 152.063516 50.598613 -47.872498 3.605200 3.613704 3.604155 89.730000 89.996118 90.084478 98.209907 0.083960 0.091939 109.304954 0.833333 
6043 -0.091326 -0.077473 -0.992803 -0.321037 0.946031 -0.044292 0.942653 0.314681 -0.111269 -308.295990 -34.069974 16.335124 3.614532 3.614687 3.613865 90.085376 90.001204 90.008003 45.944598 0.069282 0.050426 126.334496 0.750000 
6062 -0.167466 0.047560 -0.984730 -0.913527 0.368094 0.173135 0.370708 0.928571 -0.018196 166.765479 -428.531914 39.264862 3.613005 3.613087 3.613071 89.993176 90.146703 89.993164 56.598688 0.035906 0.034890 224.986361 0.750000 
6065 -0.178094 0.901094 -0.395363 -0.965167 -0.081704 0.248550 0.191665 0.425856 0.884257 -152.941108 -135.234085 40.538259 3.612207 3.612183 3.611988 89.966976 90.052796 90.064459 35.932644 0.072957 0.048143 127.616031 1.000000 
6078 0.064600 -0.216102 0.974231 0.821647 0.565561 0.070969 -0.566324 0.795890 0.214095 25.446302 227.238887 18.432268 3.613316 3.614862 3.613989 90.066594 90.040441 90.008674 27.213722 0.038789 0.032245 102.191765 0.833333 
6080 0.027785 -0.867154 0.497264 0.577015 -0.392298 -0.716349 0.816261 0.306833 0.489461 -389.661320 9.228777 34.027721 3.612035 3.612225 3.613117 90.072294 90.004641 89.930889 33.833022 0.041720 0.034848 126.353105 1.000000 
6085 0.045760 -0.013449 0.998862 0.656321 0.754219 -0.019912 -0.753093 0.656485 0.043340 57.134718 365.727284 18.212626 3.615489 3.614874 3.615029 89.988679 90.086235 89.987483 23.620565 0.039113 0.033620 217.864042 0.750000 
6094 0.091284 -0.157964 0.983216 0.956986 0.286969 -0.042744 -0.275401 0.944826 0.177365 -137.875022 -265.968412 26.924113 3.619507 3.616504 3.618220 89.965770 90.052008 89.863910 119.564101 0.059416 0.094189 56.088168 0.750000 
6099 -0.158702 -0.158400 -0.974537 -0.723433 0.690372 0.005598 0.671907 0.705901 -0.224155 336.572648 21.313044 4.830155 3.615573 3.614457 3.614393 90.018822 90.031169 90.012566 80.016708 0.062161 0.054811 267.590146 0.833333 
6106 -0.111687 -0.690081 -0.715062 -0.390382 0.692185 -0.607028 0.913853 0.211350 -0.346703 429.391774 -204.894962 -8.287498 3.615240 3.613857 3.613588 90.066494 89.984137 90.028459 59.083839 0.059804 0.041696 77.452891 0.750000 
6110 -0.083829 -0.960500 -0.265352 -0.192786 0.276891 -0.941363 0.977653 -0.027757 -0.208382 431.468154 301.950225 16.977711 3.614282 3.614997 3.613828 90.091954 90.007863 90.004040 53.488971 0.059907 0.044923 222.511940 0.916667 
6121 0.012091 0.094638 0.995438 0.381913 0.919601 -0.092067 -0.924119 0.381284 -0.025025 464.658857 -142.031276 11.138101 3.615188 3.615215 3.604490 90.197540 90.067460 90.000633 57.038769 0.063584 0.073340 325.811617 0.833333 
6126 0.032162 -0.403287 0.914508 0.496639 0.800479 0.335535 -0.867361 0.443389 0.226033 -283.817026 312.915240 8.405863 3.613212 3.614921 3.614606 90.008766 90.051516 89.970854 35.084217 0.030304 0.029278 106.229957 1.000000 
6129 0.027622 -0.958186 0.284810 0.515791 -0.230398 -0.825153 0.856269 0.169695 0.487859 -326.716750 -265.343568 -126.245189 3.614398 3.607919 3.616345 89.789304 90.155341 90.114136 147.445990 0.238542 0.216499 101.330334 0.750000 
6132 -0.201282 0.786196 -0.584279 -0.936033 -0.330161 -0.121800 -0.288665 0.522389 0.802361 142.507637 234.695850 12.548051 3.614900 3.614734 3.613661 90.029815 90.019468 90.021019 43.069500 0.068592 0.057145 290.071328 1.000000 
6133 -0.206677 0.381796 -0.900842 -0.963127 0.082705 0.256019 0.172251 0.920539 0.350625 297.782345 363.748691 185.947131 3.610027 3.604155 3.604155 90.031059 89.730008 90.174928 92.251151 0.078404 0.095769 67.267219 0.750000 
6134 -0.206978 0.190912 -0.959538 -0.961611 0.140925 0.235464 0.180176 0.971438 0.154415 -39.331666 -158.452961 12.588177 3.613628 3.613735 3.610232 89.959442 90.123879 90.026963 16.396112 0.033631 0.034516 107.683656 0.750000 
6137 0.081067 -0.120042 0.989453 0.766991 0.641482 0.014985 -0.636516 0.757688 0.144074 -150.427593 196.840193 49.474870 3.615956 3.614677 3.607956 90.075067 90.142618 89.992788 46.590396 0.087678 0.070059 290.489571 0.750000 
6141 -0.211056 0.647953 -0.731855 -0.972892 -0.211664 0.093169 -0.094538 0.731680 0.675061 164.938458 35.630191 200.000000 3.611908 3.607475 3.607088 90.246292 90.190070 90.141245 147.538124 0.072120 0.116421 154.471216 0.750000 
6147 0.113440 -0.003582 0.993538 0.956278 0.271705 -0.108206 -0.269562 0.962374 0.034248 440.702490 52.641673 16.361242 3.612928 3.614980 3.614320 90.034267 90.093952 89.998259 41.865764 0.060324 0.042993 155.717820 0.916667 
6150 -0.206121 -0.257715 -0.943979 -0.918004 0.384936 0.095358 0.338797 0.886232 -0.315927 38.653989 -377.208257 25.916598 3.615034 3.611736 3.611842 89.958079 90.111663 90.006075 52.323156 0.132905 0.109501 249.183184 1.000000 
6154 0.105775 0.201071 0.973849 0.894009 0.409567 -0.181667 -0.435384 0.889846 -0.136438 61.964167 -168.839608 -29.008132 3.612608 3.613656 3.615729 90.022442 90.035471 90.106284 58.637519 0.076963 0.073326 173.580308 0.750000 
6157 0.120190 0.059045 0.990993 0.978516 0.161392 -0.128293 -0.167513 0.985123 -0.038379 -386.388156 -143.433095 14.814265 3.615917 3.613903 3.607394 90.078369 90.177545 89.802107 77.966416 0.217620 0.139021 77.019251 0.833333 
6160 -0.217075 0.202373 -0.954947 -0.946830 0.194334 0.256413 0.237470 0.959833 0.149428 313.464930 -124.277129 39.535260 3.613137 3.613949 3.614318 89.995149 90.139067 90.014065 59.086326 0.061636 0.051880 87.382077 0.833333 
6169 0.016079 -0.079342 0.996718 0.344518 0.936243 0.068971 -0.938642 0.342278 0.042389 -51.167374 294.889765 1.521699 3.615636 3.616817 3.606859 90.124190 90.052235 89.987108 31.394128 0.038583 0.042422 147.027240 0.750000 
6178 0.134653 -0.263639 0.955177 0.987937 0.110114 -0.108879 -0.076473 0.958316 0.275286 -65.797745 -147.052115 19.182247 3.616850 3.614153 3.615229 90.013793 90.042933 90.006591 35.047989 0.056963 0.049179 93.002945 1.000000 
6179 0.086157 0.497038 0.863441 0.714592 0.573067 -0.401189 -0.694215 0.651574 -0.305806 -245.329968 -370.125140 25.156601 3.612804 3.617009 3.611071 89.968404 89.997313 90.201767 42.674324 0.065341 0.055885 110.260662 0.750000 
6180 -0.232678 0.340284 -0.911081 -0.971414 -0.126664 0.200778 -0.047080 0.931753 0.360029 -184.259165 -310.968068 1.188959 3.615817 3.615709 3.616641 90.024332 89.961288 90.006488 25.190187 0.062755 0.051095 170.271554 0.750000 
6186 0.074247 -0.017205 0.997091 0.642789 0.765259 -0.034660 -0.762437 0.643493 0.067877 486.672931 93.937239 23.503016 3.611310 3.616857 3.623100 89.975237 90.134170 89.952750 107.789683 0.057369 0.071675 62.287918 0.750000 
6191 0.043233 0.296257 0.954129 0.470181 0.836617 -0.281074 -0.881511 0.460765 -0.103125 15.351606 197.352659 18.980669 3.615082 3.615018 3.616371 90.042320 90.002829 89.993603 22.347739 0.017062 0.015750 351.602351 0.833333 
6196 0.143063 -0.111136 0.983454 0.988742 0.060066 -0.137044 -0.043841 0.991988 0.118478 117.805899 291.093132 55.549477 3.614426 3.614494 3.607952 90.011984 90.100366 90.034189 79.852230 0.131544 0.097913 281.735829 1.000000 
6204 0.086735 -0.289695 0.953181 0.656787 0.736041 0.163936 -0.749072 0.611818 0.254108 395.593170 -5.646719 3.494132 3.615290 3.614396 3.614983 90.051640 90.003682 90.023206 38.366070 0.063079 0.051543 186.655221 0.750000 
6205 -0.153183 0.860065 0.486645 -0.514715 0.350940 -0.782247 -0.843566 -0.370310 0.388930 273.923003 174.577563 2.642441 3.618144 3.614728 3.616185 90.050059 89.978137 89.950133 38.826529 0.018772 0.019290 204.505804 0.916667 
6206 -0.237853 -0.211592 -0.947974 -0.910050 0.389647 0.141367 0.339463 0.896328 -0.285238 332.207608 -240.729440 1.516762 3.615827 3.616652 3.614835 89.984472 90.037866 90.010369 52.751800 0.057268 0.055342 251.800853 1.000000 
6207 -0.161608 -0.030061 -0.986397 -0.518723 0.852905 0.058993 0.839529 0.521200 -0.153430 267.429277 -320.081062 47.959381 3.606368 3.625845 3.618413 90.252568 89.732205 90.103980 149.109597 0.206272 0.194676 137.516304 0.750000 
6219 0.038701 -0.386554 0.921454 0.394376 0.853196 0.341356 -0.918134 0.350189 0.185467 -35.877175 246.081736 19.844678 3.613581 3.613333 3.614046 90.099634 90.034383 90.011703 26.729503 0.031866 0.031389 105.066375 0.916667 
6221 -0.259237 0.941475 -0.215455 -0.961744 -0.231181 0.146983 0.088572 0.245316 0.965388 108.760437 207.687749 184.385676 3.611720 3.608133 3.604313 89.808351 90.262850 90.122441 118.014883 0.623363 0.243716 59.922198 0.750000 
6228 -0.189002 0.900609 0.391385 -0.637206 0.190778 -0.746707 -0.747159 -0.390523 0.537816 203.217656 -171.179797 12.258107 3.616125 3.616499 3.618653 90.046505 89.976655 90.006249 36.803713 0.020565 0.021758 93.164743 0.750000 
6234 -0.103289 0.045324 -0.993618 -0.224077 0.972221 0.067642 0.969082 0.229634 -0.090264 462.527360 -201.374830 12.284020 3.619216 3.614659 3.614589 90.191167 90.023071 90.089070 80.957775 0.057680 0.060717 172.323320 0.833333 
6237 0.163090 -0.781131 0.602691 0.952590 -0.034363 -0.302311 0.256855 0.623421 0.738493 -17.933870 -5.184919 22.910081 3.614743 3.615592 3.613771 89.997993 90.028307 90.024436 59.290061 0.077657 0.057164 172.311184 0.750000 
6239 -0.266464 0.360887 -0.893732 -0.960661 -0.174743 0.215858 -0.078273 0.916092 0.393253 43.458314 -77.050512 -10.357378 3.618408 3.617094 3.617128 90.014211 90.009821 89.965598 53.566595 0.047741 0.050463 88.676878 0.833333 
6254 0.164299 -0.775017 0.610208 0.924949 -0.093904 -0.368308 0.342746 0.624924 0.701423 163.099446 -32.072304 25.613625 3.613861 3.612088 3.613427 89.976311 90.071315 89.979618 20.241463 0.040135 0.033407 153.862993 1.000000 
6257 0.180078 -0.906219 0.382543 0.958186 0.073686 -0.276497 0.222378 0.416339 0.881595 -50.501218 471.992103 32.412475 3.610492 3.616199 3.616659 90.010164 90.012901 89.967420 52.554296 0.046885 0.041721 150.011490 0.833333 
6258 0.181598 -0.162994 0.969771 0.983344 0.037699 -0.177804 -0.007579 0.985907 0.167125 254.993419 76.827141 17.883696 3.616113 3.615495 3.613324 90.030573 90.020717 90.029072 74.616155 0.022245 0.036608 138.060478 0.750000 
6262 0.167235 0.047707 0.984762 0.913213 0.368954 -0.172959 -0.371583 0.928223 0.018135 157.038624 -468.061174 -25.689128 3.613539 3.613286 3.612810 89.987647 90.090814 89.952299 76.286495 0.030830 0.045408 243.011264 0.833333 
6276 -0.237620 -0.216592 -0.946903 -0.770656 0.635438 0.048044 0.591292 0.741152 -0.317910 425.567661 -409.983915 7.895743 3.614142 3.613304 3.612876 89.939578 90.093868 89.995909 145.562146 0.065955 0.062420 254.563990 1.000000 
6284 0.081149 -0.995492 0.049090 0.550129 0.003665 -0.835072 0.831128 0.094771 0.547946 -207.066111 369.108429 2.059206 3.616492 3.617569 3.620439 90.070600 90.013680 89.984111 45.982303 0.030979 0.026225 116.790872 0.916667 
6285 0.183256 -0.906038 0.381462 0.958043 0.077607 -0.275918 0.220388 0.416020 0.882245 -202.138556 215.816838 60.477730 3.625751 3.622578 3.616468 89.888098 90.063301 89.909077 123.625617 0.147172 0.102308 127.951321 0.750000 
6295 0.147204 -0.080502 0.985825 0.783344 0.618021 -0.066502 -0.603906 0.782029 0.154036 305.930413 -85.061483 -2.387645 3.615846 3.615971 3.614957 90.032956 89.974641 90.002389 38.702252 0.020038 0.019147 139.280674 0.750000 
6296 0.083203 0.845648 0.527217 0.521091 0.414039 -0.746348 -0.849436 0.336826 -0.406210 -327.151523 125.015726 1.649892 3.617027 3.616652 3.616436 89.953928 90.012078 90.017642 19.976087 0.040313 0.031148 130.603331 0.916667 
6300 0.175666 -0.436157 0.882558 0.891613 0.450538 0.045186 -0.417334 0.778962 0.468028 -356.954066 -207.246877 15.959855 3.613124 3.614990 3.615248 90.040511 90.045748 90.010614 25.519701 0.032715 0.026194 169.019811 0.916667 
6302 -0.293485 0.888988 -0.351520 -0.955964 -0.272881 0.108025 0.000110 0.367744 0.929927 30.079142 197.783864 16.433670 3.613069 3.615014 3.614331 90.014103 89.982345 90.088885 25.215669 0.039244 0.028162 140.831091 0.833333 
6307 -0.243638 -0.022247 -0.969611 -0.766205 0.617346 0.178363 0.594618 0.786377 -0.167455 326.893564 420.811829 28.316106 3.614747 3.614467 3.613028 90.016069 89.965099 89.970232 43.078472 0.057080 0.046385 181.613328 1.000000 
6314 -0.288673 0.645053 -0.707513 -0.916251 -0.400511 0.008686 -0.277763 0.650767 0.706647 120.415652 48.660657 5.104919 3.615965 3.614730 3.616302 90.008944 89.983809 90.063927 52.151262 0.064191 0.053293 171.149202 0.833333 
6322 -0.259904 0.964127 0.053942 -0.789112 -0.179864 -0.587326 -0.556554 -0.195214 0.807551 212.775400 -93.512344 20.337802 3.613413 3.614123 3.615128 90.034965 89.976860 90.006012 14.528713 0.042244 0.029304 227.899026 0.833333 
6326 -0.303706 0.566218 -0.766264 -0.943972 -0.287839 0.161446 -0.129147 0.772364 0.621912 -15.950901 181.335871 -0.626617 3.611895 3.615640 3.614299 89.988027 90.104531 89.965416 28.532348 0.063147 0.056034 93.107592 1.000000 
6327 -0.305921 0.202577 -0.930255 -0.952050 -0.061425 0.299712 0.003574 0.977338 0.211655 -124.412038 -237.622846 -5.729620 3.616202 3.617345 3.619050 90.018001 90.053076 90.025187 51.785977 0.049065 0.042471 127.158078 0.916667 
6336 0.168185 -0.356204 0.919148 0.799556 0.594667 0.084154 -0.576563 0.720756 0.384819 -72.730110 371.163251 28.388181 3.611612 3.615640 3.616857 89.983695 90.029037 90.044989 57.581887 0.038703 0.038935 75.360779 0.833333 
6357 0.221204 -0.963630 0.149951 0.966840 0.196570 -0.163038 0.127632 0.181043 0.975158 282.116782 -191.467865 78.949013 3.611347 3.614812 3.613863 89.971574 90.011896 90.051523 100.160917 0.172171 0.072852 84.180378 0.833333 
6359 0.145002 -0.238829 0.960174 0.683740 0.725627 0.077233 -0.715174 0.645310 0.268514 354.791251 -227.377701 -23.242068 3.614290 3.615977 3.604155 90.153869 90.269999 89.920976 83.944092 0.139619 0.133294 62.454210 0.750000 
6367 0.225598 -0.689530 0.688226 0.956555 0.290698 -0.022307 -0.184685 0.663358 0.725154 150.350319 449.243571 121.816625 3.606402 3.613183 3.609864 90.125557 89.913634 90.224396 149.339802 0.256237 0.219002 86.350846 0.750000 
6378 -0.327232 0.153891 -0.932329 -0.930169 0.121334 0.346502 0.166447 0.980610 0.103440 -139.208324 -158.014098 9.037289 3.617840 3.617059 3.613176 90.015104 90.025896 90.007377 27.474827 0.023013 0.024612 114.205488 0.750000 
6386 0.194456 -0.538825 0.819667 0.808535 0.561171 0.177082 -0.555389 0.628295 0.544782 -305.439629 -379.192160 -6.699228 3.614957 3.616822 3.619143 90.024112 89.977190 90.018637 46.066089 0.029362 0.024891 143.626685 0.916667 
6393 -0.332062 0.359274 -0.872156 -0.907580 0.130198 0.399182 0.256969 0.924105 0.282836 -426.975742 -454.030306 13.864535 3.613108 3.611513 3.616735 89.993887 90.062582 89.976249 49.448979 0.059297 0.046641 126.237216 0.916667 
6399 -0.327547 0.638517 -0.696425 -0.882898 -0.469323 -0.015049 -0.336458 0.609944 0.717471 -58.068630 -414.014046 -6.103562 3.618999 3.615195 3.617791 89.972546 90.076216 89.945948 64.813330 0.060443 0.052948 103.704735 0.916667 
6400 -0.342840 0.930506 -0.128918 -0.936831 -0.328539 0.120043 0.069346 0.161929 0.984363 177.451006 190.459141 151.271483 3.613527 3.619532 3.618778 89.940422 89.953603 90.091987 133.126889 0.174767 0.090375 155.373016 0.750000 
6401 -0.195366 0.318992 -0.927403 -0.447335 0.812543 0.373719 0.872768 0.487872 -0.016047 353.103208 172.807104 16.667759 3.613444 3.613436 3.613484 90.051198 89.991176 90.008184 48.214033 0.068282 0.062706 192.509276 1.000000 
6412 -0.247000 0.259248 -0.933692 -0.599357 0.716252 0.357428 0.761421 0.647899 -0.021532 -383.242544 -46.374146 20.718740 3.617142 3.616123 3.612643 90.044759 89.959831 89.997322 29.463542 0.043824 0.036392 269.257143 0.916667 
6414 -0.352656 0.633290 -0.688896 -0.934378 -0.198416 0.295921 0.050716 0.748048 0.661704 39.127911 317.501460 -9.263558 3.616444 3.617534 3.616045 90.004595 89.974170 90.027947 37.257954 0.058518 0.049603 117.812179 0.916667 
6416 -0.194747 -0.844971 -0.498094 -0.430300 0.529941 -0.730756 0.881428 0.072018 -0.466795 493.245337 186.852416 24.846299 3.614422 3.617632 3.612898 90.118518 90.024307 90.013536 56.823475 0.073943 0.069630 106.170080 0.833333 
6423 0.249636 -0.963130 0.100310 0.932646 0.211275 -0.292462 0.260486 0.166562 0.951002 -196.620847 -278.308614 -12.345339 3.620167 3.615112 3.617821 89.776126 89.882263 90.269999 148.805382 0.281780 0.152283 266.623853 0.750000 
6424 0.260304 -0.215019 0.941280 0.960964 0.152356 -0.230944 -0.093752 0.964652 0.246285 -25.347468 63.252293 -20.015830 3.610713 3.608854 3.614281 89.902913 90.236668 89.900315 129.476095 0.121274 0.123755 60.664327 0.750000 
6427 0.118068 -0.421611 0.899057 0.513180 0.801019 0.308243 -0.850121 0.424985 0.310937 276.789841 -310.020930 31.241141 3.613823 3.611632 3.611634 90.101517 90.034595 90.020789 86.206055 0.053170 0.042535 272.960034 1.000000 
6437 0.255803 -0.961764 0.097845 0.928552 0.216278 -0.301687 0.268990 0.168027 0.948373 -124.173379 134.559011 10.858493 3.613151 3.614503 3.615704 90.007674 90.002115 89.964933 29.289233 0.124439 0.071075 320.617927 0.833333 
6446 -0.348502 0.499297 -0.793252 -0.889873 -0.442069 0.112699 -0.294402 0.745170 0.598372 35.835606 -249.531149 16.729162 3.613685 3.610772 3.616566 89.960240 90.157425 89.979468 50.172161 0.078591 0.069040 199.823822 0.916667 
6447 -0.364450 0.888878 -0.277618 -0.920838 -0.299600 0.249594 0.138684 0.346606 0.927702 -32.735823 405.602851 11.720563 3.612176 3.613293 3.616676 89.964597 90.021868 90.042562 45.046667 0.065987 0.040993 88.616429 1.000000 
6449 0.108434 -0.882454 0.457730 0.486125 -0.354567 -0.798727 0.867136 0.309123 0.390536 -392.258303 -250.111112 13.637754 3.615049 3.613200 3.616245 90.037112 89.993591 90.020421 92.478539 0.090553 0.096755 178.464666 0.750000 
6456 -0.332548 0.852522 0.403258 -0.819064 -0.049122 -0.571596 -0.467489 -0.520377 0.714605 294.873298 -302.537999 42.429002 3.614741 3.613659 3.614017 89.957398 90.059935 90.073687 37.531037 0.071715 0.054747 239.789623 0.833333 
6457 0.263059 -0.964693 0.012947 0.924241 0.248134 -0.290185 0.276727 0.088302 0.956883 261.270032 457.474000 -12.275822 3.612779 3.606623 3.616282 90.107073 89.928749 89.896887 98.265036 0.180537 0.076931 75.852665 0.833333 
6466 0.279749 -0.044696 0.959032 0.943828 0.195783 -0.266190 -0.175865 0.979628 0.096955 129.680693 269.358139 8.744992 3.614584 3.615904 3.614036 89.982955 90.084915 90.012369 44.717609 0.105841 0.076406 406.870475 1.000000 
6467 -0.371174 0.531737 -0.761239 -0.912694 -0.359832 0.193674 -0.170934 0.766666 0.618874 301.912044 -92.667594 6.869858 3.616204 3.614836 3.618008 90.004112 89.965760 90.029449 41.721727 0.060159 0.054936 161.336307 0.833333 
6468 -0.372587 0.871298 -0.319403 -0.912494 -0.281329 0.296998 0.168917 0.402111 0.899874 -30.896503 139.471466 45.406837 3.609729 3.609289 3.609523 89.974923 90.068640 90.042970 39.602720 0.097545 0.062010 135.375113 1.000000 
6470 -0.325958 -0.055079 -0.943779 -0.767166 0.598789 0.230015 0.552456 0.799010 -0.237434 82.068113 -293.723266 33.852922 3.610916 3.608815 3.614165 89.994170 90.000714 90.012717 62.601031 0.033530 0.032244 77.171005 0.833333 
6477 -0.341673 0.774784 -0.531948 -0.812693 -0.527841 -0.246805 -0.472005 0.347984 0.810011 308.184590 423.947359 -17.633775 3.614781 3.617447 3.619892 90.014706 90.031616 89.910783 40.315918 0.061401 0.048312 127.707139 0.750000 
6480 0.278122 -0.398018 0.874203 0.922817 -0.141850 -0.358171 0.266564 0.906345 0.327846 -1.638651 -240.618078 22.250299 3.612186 3.613581 3.613725 89.968726 90.109055 90.020263 21.155581 0.056416 0.054663 122.330700 1.000000 
6481 0.292087 -0.956375 -0.005633 0.956377 0.292111 -0.003890 0.005366 -0.004251 0.999977 -161.321164 139.275940 200.000000 3.617372 3.615499 3.610620 89.730000 90.270000 89.730000 182.197432 0.103987 0.181376 179.097975 0.750000 
6485 -0.302844 0.375745 -0.875843 -0.681072 0.557516 0.474676 0.666653 0.740265 0.087069 318.779445 -33.659479 31.609385 3.608679 3.610260 3.609865 89.996681 90.065384 90.039015 90.583406 0.045798 0.053846 92.856875 0.916667 
6488 0.290842 -0.337625 0.895221 0.940389 0.273281 -0.202451 -0.176294 0.900737 0.396981 362.536105 321.538090 13.923213 3.612725 3.622773 3.614230 89.973435 89.991522 89.732426 47.095677 0.118453 0.093445 141.599962 0.750000 
6489 0.290846 -0.337890 0.895119 0.940393 0.273317 -0.202385 -0.176268 0.900627 0.397242 350.472406 328.768843 10.997846 3.612885 3.617557 3.613818 89.984734 90.141694 90.072741 126.844814 0.208259 0.177707 143.349683 0.750000 
6492 0.081507 -0.414830 -0.906241 0.375792 0.854948 -0.357552 0.923113 -0.311416 0.225574 51.716818 266.205677 5.959860 3.613921 3.617250 3.617218 89.966046 90.010749 90.010990 40.675404 0.063748 0.052701 140.110687 0.750000 
6499 0.227758 -0.916615 0.328547 0.756179 -0.046072 -0.652740 0.613449 0.397107 0.682632 103.135664 -214.208746 14.938919 3.610389 3.608213 3.615720 89.908777 89.977197 90.245170 141.922882 0.150281 0.123509 164.803897 0.750000 
6503 0.286366 -0.104635 0.952390 0.921086 0.303757 -0.243581 -0.263808 0.946986 0.183364 88.033371 386.862763 26.732054 3.616095 3.616937 3.614830 90.010693 89.971756 90.069908 64.812523 0.067723 0.061344 353.909438 0.833333 
6509 -0.355081 0.115164 -0.927715 -0.804343 0.468082 0.365967 0.476393 0.876149 -0.073575 -218.997226 -370.028922 51.878475 3.610669 3.610874 3.613595 89.811195 90.245591 90.003018 47.381070 0.075960 0.064584 111.140150 0.750000 
6511 0.228469 -0.911034 0.343247 0.758923 -0.054170 -0.648923 0.609785 0.408757 0.679028 142.101168 364.377216 -16.720220 3.611387 3.624235 3.616478 90.067614 89.990134 90.053917 69.692246 0.070724 0.061146 206.821643 0.750000 
6513 0.305177 -0.064453 0.950112 0.952296 0.021314 -0.304432 -0.000629 0.997693 0.067883 263.511779 -462.450988 30.785925 3.618343 3.617205 3.614429 90.018458 89.945635 90.058342 137.543668 0.078373 0.138170 165.776693 0.750000 
6514 0.303665 -0.920399 0.246280 0.952018 0.303439 -0.039833 -0.038069 0.246559 0.968380 261.267913 147.157794 48.301809 3.616142 3.612024 3.611102 90.018885 89.989111 90.101117 30.611931 0.078914 0.064441 132.266789 0.750000 
6516 0.261971 -0.082464 0.961546 0.831011 0.525878 -0.181307 -0.490705 0.846553 0.206293 -150.385572 441.796385 57.478040 3.616855 3.607080 3.604155 90.270000 90.220554 90.073558 175.204053 0.137449 0.121192 250.791749 0.750000 
6532 0.232584 -0.915276 0.328900 0.756252 -0.042444 -0.652902 0.611545 0.400586 0.682308 -18.197515 -314.237566 22.313981 3.609084 3.604812 3.615417 90.036157 89.923324 89.978575 91.144502 0.052430 0.057467 154.427693 0.750000 
6534 0.295548 -0.884934 0.359921 0.917931 0.158674 -0.363627 0.264675 0.437852 0.859205 -182.045721 331.271363 5.274386 3.614437 3.615723 3.613968 89.956307 90.014300 90.077947 37.170788 0.061065 0.040989 246.439582 1.000000 
6535 0.307485 -0.940190 0.146612 0.944941 0.283570 -0.163321 0.111978 0.188758 0.975618 -364.748784 -333.833466 34.342868 3.611241 3.611496 3.615075 89.933285 90.171891 90.033202 50.983221 0.271949 0.093578 89.240843 1.000000 
6536 0.199901 0.363285 0.909980 0.651830 0.644093 -0.400328 -0.731545 0.673178 -0.108045 241.998211 -268.685615 24.598173 3.609992 3.609887 3.610315 90.151904 90.135869 89.994827 21.590695 0.028617 0.030928 114.823841 0.750000 
6539 -0.402146 0.772044 -0.492165 -0.911757 -0.386730 0.138342 -0.083529 0.504369 0.859439 -279.926703 348.376881 29.599300 3.614608 3.612879 3.613913 90.013643 90.052769 89.995659 38.907587 0.049318 0.034958 148.327523 0.916667 
6544 0.266660 -0.079993 0.960465 0.829644 0.526217 -0.186513 -0.490494 0.846580 0.206686 163.533873 333.232883 38.644636 3.614243 3.616913 3.610950 90.189919 89.950944 90.011102 69.757210 0.129560 0.105771 209.096991 0.750000 
6548 -0.326297 0.917757 0.226392 -0.712602 -0.081465 -0.696823 -0.621071 -0.388698 0.680576 13.331154 114.222847 38.892050 3.606201 3.604630 3.608141 89.947462 90.042794 89.981899 79.618197 0.054249 0.058896 79.797898 1.000000 
6550 -0.180618 0.013288 -0.983464 -0.319637 0.944841 0.071469 0.930166 0.327260 -0.166408 -247.677287 -125.325626 12.312745 3.613000 3.615401 3.613023 90.006621 90.011418 90.004790 34.260995 0.038650 0.028076 135.494397 0.750000 
6551 0.172383 -0.956978 -0.233404 0.585176 0.290098 -0.757240 0.792372 -0.006047 0.610008 -258.011313 -21.300852 26.293500 3.615152 3.607435 3.616641 90.037671 89.987059 89.923314 29.774179 0.075130 0.055536 194.992060 0.750000 
6558 -0.383107 0.923595 -0.014200 -0.846907 -0.357351 -0.393763 -0.368751 -0.138827 0.919103 92.198260 219.018196 0.534020 3.616403 3.612619 3.614878 90.058172 89.975166 89.964451 35.422931 0.086203 0.046628 113.678251 0.916667 
6559 -0.403354 0.908096 0.112547 -0.896486 -0.367528 -0.247459 -0.183353 -0.200711 0.962339 -340.120830 -267.048281 35.306310 3.612839 3.613763 3.613630 89.969937 90.028662 89.969555 44.038479 0.064125 0.039718 182.767200 0.916667 
6560 0.290038 -0.913336 -0.285824 0.881051 0.371442 -0.292883 0.373668 -0.166878 0.912428 17.010304 -187.618850 15.316240 3.614990 3.615371 3.613913 90.023607 89.999546 90.047005 38.756125 0.063078 0.047367 267.441818 1.000000 
6561 0.058537 -0.228315 0.971826 0.273631 0.939881 0.204328 -0.960052 0.253961 0.117491 252.490138 357.699276 36.461000 3.614463 3.613574 3.616160 90.040256 90.009602 89.988787 42.454095 0.048216 0.042666 103.375615 1.000000 
6565 0.309274 -0.126507 0.942521 0.912050 0.320110 -0.256309 -0.269285 0.938896 0.214382 238.229761 138.383394 12.041240 3.615269 3.614317 3.614305 90.019900 90.061536 90.008598 27.508770 0.059588 0.042567 273.693692 1.000000 
6570 -0.213242 0.941544 0.260810 -0.411056 0.155710 -0.898213 -0.886319 -0.298744 0.353824 34.356668 -169.676302 15.097610 3.621224 3.611705 3.615933 89.998620 89.991245 89.911119 59.644374 0.104029 0.088495 127.332674 0.750000 
6573 -0.169948 -0.928240 -0.330891 -0.282251 0.367558 -0.886135 0.944168 -0.057203 -0.324462 -310.017103 35.151043 -76.985393 3.611436 3.606385 3.604198 90.268918 89.941825 90.062732 113.473687 0.102559 0.113155 50.229509 0.750000 
6582 -0.313259 0.486382 -0.815660 -0.632915 0.533412 0.561151 0.708017 0.692029 0.140742 36.308867 -281.230853 26.745333 3.612639 3.613699 3.609528 90.047396 89.918695 90.015074 24.766288 0.044254 0.043614 154.643413 0.833333 
6599 0.083798 -0.283766 0.955225 0.320239 0.915416 0.243847 -0.943623 0.285466 0.167583 -183.409740 420.941220 -7.598557 3.614871 3.611895 3.613293 90.113422 89.987051 90.015435 63.222790 0.046409 0.051376 90.624396 0.916667 
6601 0.296238 -0.954124 -0.043485 0.836646 0.281187 -0.470061 0.460724 0.102868 0.881562 125.722968 187.750671 15.555533 3.613811 3.611935 3.615240 90.135010 89.965592 89.983877 34.558492 0.145217 0.079720 336.427728 0.833333 
6605 0.163049 0.482174 0.860769 0.524465 0.696610 -0.489562 -0.835675 0.531266 -0.139302 441.520015 459.950536 26.583554 3.612597 3.615313 3.614054 90.054809 90.018304 90.008133 80.000768 0.038089 0.030564 278.161308 1.000000 
6608 0.162427 -0.233680 0.958651 0.501714 0.856145 0.123686 -0.849647 0.460878 0.256301 490.389137 223.689085 -3.490818 3.621076 3.616758 3.616833 89.965758 90.020746 90.045450 49.783137 0.034954 0.036349 97.501528 0.750000 
6616 -0.429927 0.900925 0.059128 -0.885332 -0.407830 -0.223299 -0.177062 -0.148351 0.972955 -391.528926 96.177219 16.031759 3.612961 3.613679 3.612589 90.007023 89.990131 89.903394 39.256914 0.117178 0.065554 298.037262 1.000000 
6618 -0.329684 0.942197 0.059778 -0.649002 -0.180197 -0.739138 -0.685642 -0.282478 0.670896 -55.081117 -215.548589 66.505503 3.606490 3.606959 3.604366 90.261616 89.832202 90.091268 142.639338 0.183289 0.169353 96.617387 0.750000 
6619 -0.435429 0.745734 -0.504265 -0.892478 -0.284283 0.350237 0.117830 0.602549 0.789336 -131.312162 -263.864391 73.219272 3.616387 3.617140 3.607618 90.136390 89.980965 90.028481 98.215371 0.086138 0.092937 60.092843 0.750000 
6624 -0.332383 0.941230 0.060062 -0.649189 -0.182128 -0.738501 -0.684160 -0.284457 0.671572 73.438794 -63.687061 40.744636 3.610290 3.610912 3.609654 90.265302 89.841049 89.940730 38.164541 0.214012 0.168489 101.489644 0.833333 
6626 0.259796 -0.933494 -0.247174 0.716138 0.357957 -0.599177 0.647806 -0.021347 0.761506 -336.062286 150.076491 195.259880 3.604221 3.612863 3.618971 89.851752 89.815365 90.010837 99.582311 0.099607 0.121596 258.143897 0.750000 
6630 0.351323 -0.014399 0.936144 0.922234 0.177711 -0.343369 -0.161419 0.983977 0.075713 164.345683 154.809165 -17.581053 3.616361 3.615905 3.617792 90.009029 89.996229 89.980884 38.529412 0.038147 0.023559 78.899966 0.750000 
6636 0.351997 -0.594059 0.723320 0.922492 0.089360 -0.375531 0.158451 0.799443 0.579469 -190.744762 391.455010 0.533765 3.615960 3.613304 3.616445 89.994915 90.000875 90.031557 72.007269 0.044539 0.035482 270.673463 1.000000 
6637 0.035815 0.151971 0.987736 0.191627 0.968985 -0.156034 -0.980814 0.194865 0.005582 416.888418 484.980444 20.124797 3.616212 3.617226 3.615443 90.040868 89.959106 90.129817 83.701657 0.095253 0.063503 145.181491 0.833333 
6641 0.298016 -0.925506 -0.233720 0.801119 0.375630 -0.465950 0.519032 -0.048377 0.853385 124.260257 -137.037249 28.972365 3.612616 3.613161 3.612263 90.089002 90.015930 90.000500 27.114161 0.075789 0.053107 194.170574 0.916667 
6643 -0.391080 0.855815 0.338581 -0.755621 -0.088535 -0.648998 -0.525446 -0.509649 0.681296 363.281976 450.417212 6.342902 3.614003 3.614644 3.615707 90.146547 90.074303 90.259426 58.098597 0.138800 0.111148 155.722467 0.750000 
